seed 289
N 1250
K 9
Temperature 100
Decay Factor 0.999
Initial K-medians guess:

[[array([ 690.22357667]), array([ 365.0728262])], [array([ 289.07076942]), array([ 940.84060357])], [array([ 437.37777924]), array([ 963.55958912])], [array([ 429.10187252]), array([ 84.55850548])], [array([ 697.01574169]), array([ 53.21863219])], [array([ 800.77104117]), array([ 1.35847453])], [array([ 308.68622222]), array([ 474.01291307])], [array([ 293.88436898]), array([ 710.95107303])], [array([ 529.10666214]), array([ 990.69690136])]]
Initial assignment cost (average distance from a point to the closest candidate median):

145.281472567
144.774982827
147.75946169
143.362093609
155.526232472
141.841064711
130.500180959
139.786102664
141.4327631
140.550171144
139.72609452
151.404120702
152.473899278
161.280547097
154.324277719
158.728213172
127.127938479
126.838657584
129.695845185
132.996151783
155.547487961
154.118320086
166.403942772
151.323838827
146.32608969
145.182788981
152.220985417
141.944027914
146.557357506
145.71410483
144.587455944
141.569328178
140.621273809
141.846838932
147.622832389
139.947007753
136.273135361
133.06847235
141.053780481
174.231766535
140.687349743
145.084108966
142.328685904
145.398539343
136.7022449
144.781096821
138.199203015
140.108746074
137.022173355
137.150086835
142.456299773
142.009977803
145.264856141
147.459946677
142.060483223
147.478543565
140.989791658
145.237680031
138.62912781
134.652778541
132.065198178
135.672041441
145.515506071
132.258052598
129.294104223
126.301238822
124.879616987
125.861031534
127.978403165
125.978067259
129.187349365
128.437380649
124.645957653
136.901500683
127.087358255
127.727012586
135.848805815
137.738668987
146.111624021
147.776696306
143.961853822
149.868892423
136.556008722
133.646766281
140.893462864
143.815608229
138.85037935
133.218103481
141.893161921
146.074748643
147.137721036
145.35493313
144.562829833
144.394364773
146.814887444
145.599625852
144.688465068
143.760485962
145.968562367
155.236222667
156.344046378
142.386957083
136.446055656
136.652374304
128.145755845
128.470759296
131.522014133
131.631881487
130.935680652
132.341590612
141.679372913
143.164007412
149.762836233
159.201628069
146.8807307
152.394184491
155.561014581
157.585910218
150.264607455
168.080203132
145.441232758
134.143068128
138.859409436
149.580713759
139.409924411
134.611954434
133.06939203
131.65098373
132.016822945
131.5163598
129.540293053
129.020028896
132.745701808
133.501193346
133.561372367
136.994957202
132.718411926
136.935876415
138.7105091
142.139125306
143.739568317
142.364700705
145.035393522
136.05126216
141.536666835
135.935019303
137.101937691
128.774673278
127.738130797
130.975436844
138.113221768
136.208864431
140.941036229
135.85346631
144.95605952
137.645497138
144.64463054
153.545742721
155.875784537
154.695734828
147.342643324
144.601589579
143.427234635
136.167133853
137.066856148
132.983144898
128.401002284
135.022307502
140.290050821
145.3378905
139.975201353
145.71176756
149.895380466
147.08214903
141.430115085
131.392419564
131.376918366
129.627268746
134.693769462
127.608778991
127.045674545
132.177343729
134.555591204
136.269249844
136.188607725
139.774665113
146.243839443
147.405569757
141.258640729
140.763541
139.687147105
147.50676751
145.720894835
148.931141243
150.94248828
154.234769413
154.540896477
153.664330835
151.682455514
161.608718081
166.342796429
165.194935095
166.012633476
159.030449739
164.308786738
160.480821123
163.955308792
163.025967233
165.563517537
159.874255083
160.371392643
159.735855645
162.110416453
164.992819808
163.420155137
159.285993093
154.876311857
153.081124752
152.684409961
152.980212518
164.644987937
154.07183457
157.817017582
146.758315507
145.442461913
147.98202403
137.328840104
139.711919036
136.503169845
137.037528335
137.037528335
142.284317234
139.497411356
150.221769931
149.920105745
150.68711113
146.37165109
145.353823676
148.736722905
145.24767749
146.6134845
144.236548567
151.759815522
152.940468166
150.361075408
157.548713353
161.788526416
165.144571683
164.766218581
159.822360975
154.470081553
145.761833397
146.254716899
149.097963544
149.967459065
151.846018671
150.919883802
161.706769093
175.002777359
148.460774423
147.979299461
151.555332284
153.449317074
162.450064853
160.55210516
152.040146235
149.305442228
150.457256567
156.342813066
163.433447519
144.804902758
154.237447456
150.655472129
146.430768765
152.799520153
156.731504303
155.445848666
164.650529417
153.372088753
174.738160276
153.069644511
157.609121163
153.98462232
156.420731328
159.465483569
175.01114046
177.734284637
154.563373867
146.507925094
147.515941917
149.697032217
150.163574715
151.680019322
153.957718294
153.126503394
151.036149799
162.007734678
172.066085314
172.574864474
158.922879881
173.511182183
173.326156584
161.765496985
163.023323844
176.362879698
176.878039784
176.748062802
155.95387295
163.503773438
174.338781752
168.643097513
185.641655062
170.017397355
170.106752476
147.683972262
157.450087337
153.897712301
147.274980189
149.232430924
149.004573691
154.292720812
153.905140476
144.173018372
145.858137264
146.945081236
147.011233085
147.07185777
145.900139612
145.061010273
151.795986441
161.308352415
149.799895987
158.978842644
160.223957827
156.553498732
152.059935018
147.972426158
148.476424327
150.110098589
154.01042072
154.462539753
154.15544934
154.159213621
153.559091288
153.340464009
156.848488419
170.187016786
161.514970398
154.979519488
153.169205674
166.910583975
159.407727981
160.317474299
159.691433011
158.997647007
169.480911152
154.051777111
153.501259867
152.416760397
151.374988373
151.84168833
151.897404364
149.25968379
145.952618625
147.090328485
147.383533643
150.978044284
153.878063096
150.382678175
150.322927662
163.863217901
162.716813349
157.70927838
147.562301174
153.016519985
144.549433688
148.597869139
140.851763914
140.949864942
143.796290842
145.983211254
146.329835208
144.993755553
149.60054241
151.382233107
159.256193731
156.198617628
164.292603222
152.521819207
153.868293758
151.442698686
155.65080497
143.091128701
137.348548237
135.353252569
132.697856686
132.930051013
148.517940393
156.084309632
150.065430798
155.749073202
145.582758752
149.330334385
137.948684733
139.989459792
142.478237246
143.875810331
145.266013813
144.321561582
139.757985366
152.721276907
141.645803547
141.763946616
144.21570164
146.931367777
138.180826982
139.150608105
153.071423483
148.073491283
149.460332756
140.450486328
139.186148401
139.619977296
153.931584586
157.483475313
143.765809013
147.420731946
140.488259977
137.663639626
139.570285051
139.970838754
138.675451659
137.745384936
139.084964721
139.418731517
136.054439251
136.068014752
137.561130985
154.894228959
147.558808136
139.820028845
149.119860489
140.343261083
145.397724297
142.569803065
145.242846476
142.337394616
142.729308655
144.540437125
144.061824308
138.993948713
144.028215701
145.995703559
139.834712811
136.215885691
137.502085284
140.508627184
145.143204514
151.353052591
143.170993079
134.881895969
143.550715912
142.847040518
147.735233953
137.469169834
135.042629458
134.525082239
134.074546356
138.4853407
136.449347182
133.258428969
139.741290109
136.611701954
142.541860562
135.265049007
137.047825293
146.642101549
149.866820897
134.658810248
139.727610675
136.11231356
133.886290747
145.333480075
132.553767429
135.767962458
135.869208825
139.369926554
139.688939225
146.982813896
141.494025892
151.603148832
151.127596393
152.452898546
153.404838231
146.883140866
146.772806921
153.038458028
172.601375297
151.014637799
142.852868263
148.935970356
142.337078214
135.94493901
135.421281592
156.812430419
138.244637871
133.341888783
131.866323848
133.748422315
133.861086085
135.061489243
139.147686928
138.837760362
140.495324988
139.097092925
137.631240544
158.929166353
140.409491155
140.68448608
138.234593898
141.514041311
139.785532069
142.709459554
144.757156581
140.985873872
138.822453367
140.835839795
142.424261036
133.301731817
135.713524367
143.123368884
158.07919672
151.877954025
152.26335183
141.432362861
145.789096493
149.384300233
150.40064467
149.928805141
147.722020322
139.629882844
142.189762881
143.747991681
140.741493893
141.699404281
146.367921803
146.180980201
148.117315636
147.343238008
147.54917109
147.649752919
149.025786999
150.296525711
138.061537553
139.641118986
147.722207666
134.963571223
133.964563993
133.964563993
134.127529827
136.468040956
135.088831141
136.882696469
136.090890653
147.867533847
136.496796448
133.002931178
129.558161383
130.503112907
132.515253506
131.437691668
134.335341711
130.073204771
138.000258772
136.178736731
141.298912754
129.996110943
134.442872074
138.849971628
139.272908484
132.974415694
134.418107648
134.418107648
133.88468367
137.084174192
133.361247803
147.827627117
137.894987175
134.574448881
144.416597803
133.897953324
157.298326106
135.511437154
137.683745025
154.495430853
140.961067187
141.00751608
137.70757254
143.548524505
141.605804705
151.51953746
141.481879918
140.69060307
138.535724146
136.925040447
137.459309807
135.382219331
139.417018885
134.828104582
127.579514983
125.901218734
128.760409121
135.954065777
132.341318121
132.839104741
130.479514145
129.409892756
128.476881239
138.401779424
138.595006506
138.534030048
129.270086264
123.307014247
126.53363872
122.046554965
124.915362438
138.994378817
140.602059058
140.073137562
126.387801818
123.042275931
124.552701296
132.48462687
132.71773959
134.217995761
130.597404976
124.612501989
135.120623608
128.68570749
139.164155091
140.780171367
129.385351698
130.790431837
127.308320445
136.025109062
132.404392176
130.605032516
135.482380988
135.131670246
136.689431778
131.807408271
135.755964588
137.058825719
127.873148522
133.705000426
135.056239305
133.298853705
130.648537648
129.569989091
127.212850286
128.409108769
134.126678494
152.58859025
135.289253044
134.392036482
137.827753977
136.672277569
133.873529737
135.42400461
128.961392206
129.044900299
132.479241769
130.071859941
130.970810936
127.210517894
126.766011158
130.289030159
126.076299141
123.279641878
121.523780113
124.282547879
125.360541174
123.443857783
129.679434765
133.725558824
124.652798924
125.702743878
131.341253505
129.428025093
132.763201909
127.745553298
125.147354818
123.620065945
133.229975555
132.599396107
133.821817843
138.892689308
134.915504852
135.466582676
129.556805319
132.115374652
129.960404291
135.233562348
131.560506994
134.838407783
128.298012476
129.484096273
128.284767377
134.479521612
124.785739891
153.252089509
122.039879742
124.230366241
123.131512979
125.433537111
128.012623161
125.444572457
128.745927128
128.99765937
136.606035516
147.321283067
133.879040114
128.745989439
128.597982675
131.805096566
128.461858332
125.869594515
126.394172946
125.942153082
126.956233064
133.548720659
137.900039742
137.499807637
128.713583288
131.672043262
131.857899773
128.411981877
130.098228557
127.008913578
124.79067711
127.820988945
126.500469124
128.66040439
131.515842376
127.041390645
129.20266533
135.350962735
135.193090673
134.028046019
132.920075088
135.503423171
133.557871509
135.302200021
131.05117725
128.987503762
138.050471004
136.030082871
129.647237275
139.735831072
128.379482644
127.18682823
127.062516992
122.206605126
122.199706795
124.097932864
122.917110565
121.230937367
123.618190765
124.749839743
126.568634878
125.630754856
124.871412189
122.408663924
123.440990291
137.223323338
126.082898246
135.198170296
126.75023848
124.499635196
124.512396148
123.12139486
131.480311012
121.420986616
123.289138096
131.446576605
124.408558637
126.377733299
129.249993985
134.232753916
124.13895302
120.02528588
123.963441553
124.31049556
123.554247529
126.181775487
125.606920701
130.417533978
126.332316522
124.062077349
131.48861727
126.386094149
124.351209965
123.334377552
126.881515041
121.619452352
126.838612918
136.612206172
128.441003746
121.231209993
121.891679446
121.39785229
129.804839297
124.467268608
124.303199671
131.575643748
132.75054865
126.89305837
121.366571826
124.881208398
122.03387505
123.401893528
125.328701709
125.474142959
126.617545693
126.37965413
127.807354458
126.474253854
128.225085338
132.52189911
130.693982676
124.885044767
125.969405819
121.00729997
126.054283175
129.346797358
127.266673297
137.354170988
128.857206626
136.952706527
136.978228256
129.020978887
120.08383543
127.130247131
121.599576282
133.144281559
121.256411792
126.126682897
122.46889484
119.603775264
119.00616489
119.960546573
131.078623362
123.029004203
122.574773975
121.365624071
120.805877059
120.93200645
130.394089881
121.038408244
125.486961227
124.68401465
132.577363126
123.641073434
127.129955076
127.708528511
128.736833154
131.418666257
124.842954351
132.020439076
128.348717382
125.873009838
128.195886317
130.370841191
122.620146528
123.970059842
128.983462757
124.180151596
129.807322394
132.413627457
131.980558099
136.956077526
136.015302976
130.613539414
128.085733354
127.429175977
130.422509872
131.098065071
130.194613594
142.065623389
130.497963176
126.935024577
129.563128305
129.647292904
127.688376623
125.468635556
128.839320828
131.0220496
123.401385055
126.911523191
126.252689754
129.986643901
124.314296573
128.747095751
128.365711318
125.481662837
126.7797104
131.129117098
120.925510318
122.173704127
121.635950162
126.003999395
116.181542591
118.25753148
116.934524308
118.512598952
118.395223799
125.695125655
124.950579646
119.971721722
124.779281575
116.535811223
118.864967797
126.11868644
114.667462441
121.054645431
125.830519436
118.936141681
116.372662163
117.460169549
121.387205872
119.897087593
117.989653982
117.045429667
115.921693506
116.184331817
123.618662177
116.862328571
129.904603316
122.88186975
119.668157257
121.21916408
116.782193037
117.849021888
118.142529396
122.14928937
119.708925339
124.103360156
122.402542162
123.831671126
119.162123932
121.771167818
127.698482847
123.545615821
120.418175047
122.767734515
122.222553116
149.516322146
131.792037101
122.132944263
124.166480419
121.162725327
120.777858907
123.822479172
122.812641375
120.289533112
129.551773136
135.096460301
124.469675215
117.184450541
123.38461714
118.306699332
116.134131838
116.517036876
120.115752752
119.72182684
126.10983338
127.786113609
128.229536804
125.217921608
120.576681186
120.107335289
120.107335289
120.00868773
120.529047575
115.776200125
119.520088705
116.295454799
119.214022183
114.445349273
117.699113015
122.99218413
116.215913612
119.397905239
122.212097598
116.089011823
116.940545818
116.55391992
117.693706416
119.993790793
124.668257138
120.722774588
117.084780799
114.999570258
123.700871242
128.868028064
115.241296362
122.944987899
116.777831148
118.310479628
118.350701942
120.105795586
123.388066263
121.701858223
125.511624377
123.675398461
129.418570424
119.608942825
126.57357991
121.929769297
121.444485689
120.38433172
116.514075853
120.13271561
117.482761251
116.012265391
115.085508665
119.077635611
118.368003896
122.908181324
116.531364977
126.451644979
119.213757216
119.665573215
128.202861904
126.45137306
129.808143438
120.344467398
131.031472091
128.121145704
118.664280343
126.865840433
126.060951833
119.97239187
120.188856537
121.084531423
127.634290601
127.161710753
128.97626354
122.701457869
129.956590513
125.973776575
122.40338093
121.508148801
125.71602419
121.143081185
118.795472241
125.51814341
121.12241966
123.657996318
121.901305715
121.019459076
120.674974372
120.240337712
124.842607288
127.349778121
122.919927625
150.200193374
121.455835342
125.49690633
123.555089462
118.14487155
121.119330068
117.304220468
135.469061686
127.125715951
115.145119587
116.163764125
116.576418852
121.593295551
124.744892835
118.862071416
126.293136307
122.75190351
148.310873541
119.286319004
119.92598202
129.957517424
122.922107866
128.067180221
124.999671363
118.795280585
127.17625887
132.976500782
119.01491602
119.259064955
119.100137539
125.162228403
125.776343484
121.937777617
145.68711717
119.794137828
120.071589355
128.516274874
124.819886857
123.926059454
121.061636815
145.437614482
125.621073812
125.300808826
120.338609762
119.632305656
127.924595732
138.522534466
118.464128137
124.204173708
118.836263978
120.714782246
146.593588596
118.885343193
131.950799865
118.642062442
122.71259047
127.967123018
129.043143598
125.140996267
124.186941939
119.708921417
125.766778193
139.09513858
128.993791345
117.24461742
120.055128012
117.729265589
132.910794889
120.090403581
119.968106978
123.919906753
116.405631612
118.631185524
128.003737924
124.614534638
127.691724894
129.597779492
118.854895704
116.828167184
125.761739192
130.020315064
123.798381767
114.281818816
120.918928668
116.104059335
120.634668041
115.712449624
134.016790113
117.815807853
115.70077254
115.33220038
126.143245696
119.237176084
126.592447946
117.56069864
120.391975506
121.22662166
128.74888599
114.387632666
125.614293513
121.452357345
119.306358686
118.593725682
115.833503049
115.776443087
122.819492211
122.085144926
115.314548548
116.151644381
117.748524252
119.459972693
122.95289651
125.427401788
117.957691297
123.946277663
115.042124399
116.876999715
126.509448367
118.34995278
118.056303089
118.684865523
118.691286094
115.084708535
123.22305725
117.188869479
115.145605469
118.394120923
115.306112455
118.586267029
120.744876194
114.274811457
116.600606013
121.195425133
120.06792606
115.233198822
121.46342877
120.377064581
120.705099071
120.674378962
113.662541509
115.571151171
115.922959191
114.844685537
116.514922209
116.764712246
118.938487819
123.473764885
118.432825601
118.269799304
116.708784622
113.159914994
114.445480575
117.345199717
116.409200658
118.614870136
117.263274868
114.516772938
122.845671407
116.249497889
117.467114764
115.701827828
115.061916557
120.082308542
124.088722282
121.739912552
118.509013096
118.005776569
114.093996766
114.303760975
124.576282439
120.585736775
116.189369688
115.449839414
114.125069201
118.677127389
116.006234298
123.510424346
118.156047557
122.92693279
114.800109344
114.224425001
121.46478101
113.935655008
121.717738039
121.617942504
116.981071781
114.478259606
122.301450003
117.120723709
124.984899493
115.446710246
118.172694843
116.661552162
124.185138535
117.586048159
119.361153088
116.641748681
116.881218059
119.652891366
115.936617644
120.109591363
116.71017862
114.523081997
117.849845591
114.502299114
114.420022221
124.719978922
121.303010368
115.168404328
116.490077096
124.294459461
117.834918593
121.544146557
122.428999869
121.235659234
114.593812013
117.057137061
119.882942218
117.301240313
122.589529035
117.79950334
117.559480465
120.277613418
117.623618145
113.452167284
113.861530414
115.749473218
114.100902729
119.259445386
118.292393496
118.026628679
116.212208777
114.837380677
113.355247063
115.313912345
118.560747861
120.777571329
121.069884008
116.156417951
111.83080796
117.631016866
119.594884561
119.898827341
115.852263321
117.719303754
112.432926702
115.794247872
117.012249462
113.926126204
114.804273243
125.467949484
115.785756266
122.085201692
114.321805243
113.247950372
126.725041012
113.277137361
118.915883374
112.082870582
111.878375844
113.901393802
114.089327867
113.534970314
114.872089998
112.029332263
117.366888508
116.049817407
128.078639338
112.84953947
115.615484161
113.165179093
119.643088722
119.925138076
112.283992094
114.504094217
118.786482202
119.04826934
117.267403274
117.722419071
118.557995779
115.308765733
122.097792835
116.220344596
115.788554957
115.349874089
115.168701648
114.564988633
112.672534484
118.326811477
121.441991737
122.46890019
121.68023862
118.355922159
123.130123804
112.977449651
113.466285348
112.913037106
127.013458037
112.795767664
115.050264827
115.601616493
123.758879228
119.308595149
124.280763499
118.665319823
117.81385106
115.646270889
123.030782016
116.066274132
116.857130276
118.433246318
112.913037106
115.089326431
121.481029225
116.724938753
115.193898651
120.304356467
115.369746356
120.521335837
117.542197491
121.214246841
119.334305789
119.688874308
No improvement for past 150 iterations. Search stop.

Press 'q' to quit

final cost: 112.795767664
