seed 289
N 1250
K 9
Temperature 250
Decay Factor 0.999
Initial K-medians guess:

[[array([ 790.37935698]), array([ 168.09987918])], [array([ 467.41004299]), array([ 283.23535955])], [array([ 824.72206102]), array([ 927.95481926])], [array([ 391.80532766]), array([ 592.7654493])], [array([ 655.94900199]), array([ 422.9807713])], [array([ 954.34382756]), array([ 97.86370301])], [array([ 164.59907718]), array([ 859.98992896])], [array([ 669.45901616]), array([ 970.7623705])], [array([ 59.97404237]), array([ 222.60448921])]]
Initial assignment cost (average distance from a point to the closest candidate median):

136.093339539
136.952368124
138.586835989
152.07278519
158.716952185
156.166137014
155.909790193
154.968965202
156.749438717
152.162164936
144.639487115
139.020549443
142.546006366
151.116776904
138.135390665
144.131404738
151.211628624
146.3695073
139.964521991
146.068867766
136.355907889
136.829068024
141.712550562
138.905703142
155.618074143
154.893099025
163.213492879
165.594887628
147.812773347
138.685086492
138.688714737
137.038938271
132.764884577
140.061054868
141.107749589
141.258712449
134.3997916
145.198360702
139.377917103
138.9412079
155.283778512
156.644189127
135.354719006
135.812083455
138.81592739
136.607723776
136.607723776
142.563379041
146.466764581
145.058707365
139.289563597
136.832955647
135.422001762
135.866330517
131.559376541
132.401337756
132.44732155
134.704767541
137.720888381
135.697507283
139.27826724
145.021713423
148.897422823
149.575126672
151.202349491
174.022967839
170.489486095
137.971203768
141.408246769
163.838821041
141.378784113
133.120254335
138.232965972
154.744036043
140.873381645
136.856557318
140.209360341
137.227500966
169.933197523
161.853495361
178.448257464
146.973095301
157.06642218
158.534377055
158.663278966
147.055288264
159.161895704
158.639413214
159.358668094
161.424190857
167.403054508
170.067634538
170.30965611
220.854161353
220.782803872
222.150924042
240.977470427
237.15298676
240.049581907
236.907775144
229.092963703
230.524848247
231.40529579
230.611286621
216.600069098
216.64498285
228.07459965
233.294170653
234.500870076
233.929745878
233.249912276
236.380683678
237.099578472
237.127490996
237.127490996
236.275354416
234.400604748
234.212126593
162.290460686
162.142604923
146.55286716
147.608543825
147.103963519
146.558740853
145.43627223
195.409719308
144.838206473
144.807438075
146.806283096
151.71064253
162.763670016
157.297299659
170.131030726
170.836266807
168.57186406
164.949517563
149.715155803
191.765714888
166.55958769
170.41181302
168.51098
167.33778868
156.083512991
146.239405473
157.211228902
158.321032664
157.885169667
170.533241217
170.958004328
167.837128363
168.022207605
166.323051108
198.10531219
175.914181921
175.964670137
177.224770349
176.158019538
186.52617149
194.351048274
196.363850717
179.056980091
162.621371581
167.906931568
168.369174632
170.005308914
174.688235674
189.592203744
187.336204977
213.76996516
188.296337436
231.277073251
235.152397153
231.448096201
232.060140571
213.384317122
200.030783255
205.464503933
196.466629878
194.19034199
180.371306676
183.507092562
179.272791213
175.191490624
174.203286192
174.678168147
175.459514205
174.676836972
175.97356914
180.484358849
169.902740488
196.600184765
196.531157208
206.359611262
211.246590818
215.018069392
212.985782375
171.337738642
183.683545067
165.15549236
170.632287847
168.475711078
166.833126351
149.930109868
148.77854572
163.499740192
174.03262952
172.211552334
178.386154216
189.996832138
175.498548289
163.252456915
174.514962531
162.106380416
168.560311185
160.081038978
184.82088278
157.41051317
181.177894903
178.639917253
161.388493345
162.540765204
153.047224005
165.32920462
153.63273733
159.146701411
156.955746592
148.685749752
146.278048668
137.954088539
138.113868672
144.794250464
149.408938172
169.920129078
140.836481261
142.198616728
148.878304475
137.856085272
140.527003822
141.537056609
146.568565349
143.73472902
143.620342848
144.600497852
144.50652101
147.861632361
138.447241034
142.281765949
153.585875303
153.01786424
148.379222064
142.198922343
156.532271482
142.656565613
136.761163241
136.834933234
138.631198166
157.385200227
148.995957189
127.982752129
141.73920438
133.198116964
133.602382142
146.427222729
144.006519433
142.856818741
143.476485822
137.771357858
150.617183523
144.263256472
134.21387458
131.483309323
132.710867283
136.268525821
137.066020054
140.601983288
143.23762694
136.30955199
140.973231165
134.179169565
133.475399311
138.97259373
146.115186628
153.344921181
156.922677135
159.25592615
137.653180098
140.294504893
140.647269718
145.462372479
168.307069289
137.84237178
145.0137302
146.515187224
149.358628575
141.532899815
144.991052826
145.361304874
155.831238835
140.379596429
141.555253201
157.616078477
144.572912869
147.476223678
160.030390542
149.930458515
141.884679707
161.263052708
150.97555595
147.122369603
160.939732629
160.589655214
164.017902987
162.972727021
164.983976133
164.728063737
165.352966144
159.624278931
158.820493015
158.522053718
155.990236056
154.726057345
157.457909991
163.054116947
161.38602053
164.619509129
160.532061245
160.532061245
159.044277387
155.250411387
153.316073916
163.223471129
158.837211666
150.847610099
148.04588868
153.513914174
149.098926042
145.612544097
149.144258805
145.467996833
166.149996937
159.480455395
156.073233598
151.7253155
151.811647506
151.839327566
150.876506826
149.963498944
153.185324675
159.340600977
160.688082338
159.378077363
158.646034174
178.906060626
180.252372288
189.045548754
170.194288999
150.892727231
145.770443349
166.865292583
158.310352592
141.821666395
143.312335804
141.699069504
138.387302885
130.907367325
137.834579105
151.148002128
146.978348442
138.29243606
141.421271191
153.510335309
143.462907295
147.648477216
143.239175372
145.630292942
141.056256783
140.576925667
129.301934277
135.735530766
139.411255538
150.231100269
151.759711958
150.863942171
154.793134227
159.642006014
169.757412234
194.957085575
176.782512887
164.361226951
164.870750048
166.431645254
141.38595234
138.482897917
136.958080103
144.366285347
136.795275854
139.140194223
141.283385706
130.422064251
130.013796667
129.587533979
134.449085356
138.281689867
130.526294938
131.984259651
133.003204474
132.726456561
128.90936462
128.880526735
133.670752836
135.9961469
139.587979653
137.203801486
135.948882226
133.91157386
128.345253399
132.94779132
132.514998504
134.16165391
132.133134648
124.25518384
133.23744092
135.303062047
136.320295842
150.377871947
129.585522458
131.204821058
132.190368525
131.850584417
132.727562813
133.304835254
133.45083883
139.779272227
128.041332444
126.427724472
133.388910864
124.406029794
123.928051444
135.163486253
146.606005397
143.014832763
131.658264041
128.168471746
138.668763225
139.297879542
153.01547008
149.815491742
150.258966636
149.624849676
157.907797686
149.50722448
148.297409445
148.166544904
147.165890315
141.453281324
132.262044868
131.887587573
131.956040649
129.182759522
123.925939458
131.18378422
134.251032733
134.728207239
131.329173329
127.913228884
127.478946719
127.261545485
121.177181484
125.756317288
134.544856078
133.763356282
137.042243415
130.193277772
129.200128756
148.080816403
136.742407549
128.717238128
136.95439534
135.271684379
138.27049847
141.206523758
139.207332947
130.740898899
135.277635626
135.766536017
132.963991383
135.335776002
136.826043866
127.591636804
122.545568699
129.806602305
127.536485272
124.557438067
123.236532868
131.849107777
138.763487445
130.651879698
126.391794785
142.528004199
149.177949979
143.476459444
139.777119408
141.696937485
138.099170547
138.158591526
141.675065519
156.867620884
157.835389439
158.356165999
154.387051309
155.403203523
165.464640929
159.578714068
158.545094859
148.405363937
149.273503083
157.444900396
164.423599667
172.712472091
145.977407454
140.311945057
139.556227334
141.15048041
137.582042293
132.349662286
137.733322288
138.835487408
149.935157645
141.903881938
155.678023832
158.345137515
146.369056801
149.412000257
158.008312962
148.915850218
150.645489626
145.148921339
144.582882437
147.132131944
151.895532166
146.969045558
148.893643981
149.782582715
142.932331084
144.239043537
141.530072882
144.036525641
146.22810866
152.350187585
151.537580489
143.268005022
153.228415592
146.855029771
151.401195801
151.182674147
148.964085855
167.482326748
149.117061727
150.654970564
152.283754991
150.838106419
151.259386325
166.666881137
150.683868317
170.106053453
147.519375919
148.985615438
151.247179232
147.979843266
145.083287149
138.32828123
138.549170206
140.97383355
139.35827229
144.546605287
140.769566699
153.675325579
153.675325579
164.303704372
164.404668569
176.719982508
157.288341264
182.049363657
158.561876196
157.602900543
156.083674069
161.719241749
151.088523126
145.879363112
144.206016811
145.827034686
139.368447199
149.922128382
135.207864718
135.481263811
148.220967334
148.220967334
143.483658175
140.099335188
139.959348821
139.93568792
139.80853037
136.841546677
142.82576811
161.508058344
157.854477114
156.477353787
144.977423284
141.773128072
150.262671285
147.894841503
142.442094837
139.575354601
135.636115178
130.809996595
131.958793028
136.026970616
138.85037395
158.668727306
150.646390171
133.477136916
133.433818608
133.553925093
132.715782031
145.876693251
136.65236581
140.015966933
154.835395637
136.191210889
141.977769538
142.518623813
138.810605928
141.608198067
151.928318884
150.761960944
156.89690903
164.87631994
164.995654042
167.017193153
161.720430548
170.84352753
163.530706308
165.995598217
170.326068483
167.300559718
169.586303813
164.344002186
160.636482203
159.609086113
146.330417349
142.002785698
144.284968547
144.526028602
158.552526165
159.039421234
151.94867436
189.88558285
152.325041197
155.729164277
153.367341606
134.666257944
139.44657108
140.238130627
151.008774714
148.475989373
173.753236095
144.57247687
140.981497055
159.329111841
150.618674499
146.149695707
140.800447191
136.892402349
139.290977811
144.543610236
137.928062987
143.590733994
146.194902178
162.37478378
161.257594342
154.877263672
146.891524829
147.872338413
147.387744955
147.2659657
148.005680616
143.231731403
141.814744806
141.903360005
148.523640804
144.754379841
145.014321724
138.351364725
150.195323198
139.69838748
144.795692332
145.148794854
145.393329407
145.580170861
150.642239702
139.523346025
135.700786823
142.773313731
149.172534762
136.637699259
135.271047425
135.242205416
136.014483718
138.749448188
146.487640364
130.868546727
135.808058717
134.157038744
134.075709242
132.541395985
132.463534202
134.609449123
137.035991563
134.11752527
136.134419846
133.583291996
133.773648888
143.646038163
138.347942501
134.568940929
150.228339034
133.448096921
134.067093833
142.046050969
142.853291127
129.752210571
138.310668537
125.050530629
127.134025543
128.112533508
137.070622507
128.74344431
139.863833474
140.115012392
126.591684541
122.692201127
125.304387945
126.7103389
126.084626517
133.5833238
128.861921817
130.762797466
130.3311262
124.333288655
126.950871258
131.505011553
123.904614233
133.496176624
123.726315162
126.940386728
124.227458356
124.787794649
131.411067191
129.060815435
128.222087126
123.739220985
133.641241521
131.591450493
129.012206607
138.779237606
152.498447075
150.092378689
141.156340086
142.794259898
143.011378006
141.472200854
148.731680482
148.175062024
143.832140269
137.839620739
144.948893864
136.470851981
145.691484543
141.849145571
134.565461053
135.945635546
133.210500371
135.95709755
135.502778071
133.799929917
138.800553641
133.183261067
135.998835012
135.940243386
135.495519101
135.721553938
144.565862548
143.97974902
146.925168986
141.877528668
134.148101154
136.671214031
135.706414979
140.131235115
139.912414887
139.258777465
139.268378838
138.807401012
138.752317509
140.624558649
140.321675928
135.628677645
129.439887962
129.684362669
134.284160529
136.258404516
129.113106783
131.789675038
128.940055219
130.306413002
134.127066438
131.753204444
130.9857691
137.43331527
129.308175312
126.304005278
129.746933005
128.600524866
142.675453159
132.02320816
152.05974672
134.188837951
129.806006792
129.376030883
132.628379832
137.769905666
147.018458911
148.155226158
135.090303799
136.913650452
129.639428011
132.284760138
133.627527136
131.837442289
145.323403575
130.406696719
150.62259152
128.861211451
127.013377772
133.141291619
147.108305898
127.979871295
130.799286284
126.820662347
132.432448497
126.579054686
132.258440482
138.500297304
129.058824365
139.921575523
124.384192531
124.305088856
129.912171694
126.113771087
126.66130873
132.688534391
130.92375134
129.212883192
132.653038335
137.293575856
139.15231332
140.380459633
131.687788288
133.118177256
130.868711984
136.642166244
131.162703988
134.089911612
128.508544113
129.58655504
147.406989177
133.449670765
130.814046322
135.811017042
133.568939812
129.488244034
138.263469151
131.815335317
132.634261747
134.490951036
136.556218119
127.431766177
133.310216722
133.172647831
127.431766177
129.962980447
128.948103434
128.55105941
135.161385597
131.904910007
137.473382333
137.016601127
141.334198122
138.181357748
151.839096718
132.761506502
133.020652941
131.209093488
149.156777523
134.240639779
132.879658809
131.318676198
139.313098481
131.459406688
136.724089961
140.574861161
136.047593035
143.957646062
140.259040965
134.559188158
140.082911155
133.384155303
143.660777589
138.480985011
144.467005996
133.759969827
138.532582391
143.447333547
131.124764672
149.904039932
131.977611293
131.691898097
147.161489557
152.553151585
132.138101769
132.90523118
143.476856223
133.198013128
138.822512527
149.301253395
145.262781071
136.182087835
136.131154504
142.456140475
132.440225015
135.653856764
135.711849483
145.558848927
125.793846427
129.661418801
133.319638754
135.34909638
135.50609925
137.250547217
146.157811002
150.866983986
137.636253581
139.604374852
141.213396006
134.602161156
135.275756799
143.161663383
132.623321502
132.847873129
137.44238274
134.570522763
131.726905785
136.780958028
136.227392391
134.395643203
129.577091673
136.510691767
136.974936886
135.913926578
129.594885593
142.513597525
137.292953727
135.796175702
133.610725444
130.163711068
136.497392874
137.818272337
138.332332526
139.296769233
134.992175642
134.532684001
139.80640827
142.853754613
133.409869099
133.599781114
133.832039528
140.273627384
124.872492161
129.11446289
133.553413204
130.337502871
130.419992917
125.02297202
122.41656097
133.471266215
129.152744659
128.839424606
132.72481789
122.083718433
124.439633031
124.362940392
137.865533422
130.168011513
127.975333007
127.536977078
126.174565207
136.394130267
123.691827752
123.845807522
128.179964
134.490030291
126.712188378
124.255731797
121.370045467
127.901099967
132.225816864
121.144163847
120.355527689
129.446925152
124.19593075
122.744188267
124.967926753
126.984329185
123.602707876
122.811587352
131.796333553
123.88652514
128.636201586
123.912694691
125.234544811
124.26162037
125.949891588
128.426585624
124.698160286
127.768292941
121.899629608
131.625573949
121.334155235
125.97194808
121.750741515
132.626159825
129.222036184
120.303989675
132.158165994
119.749066138
117.857179769
118.000378723
125.679502732
127.720104011
115.584070443
115.828624435
117.668547358
136.353915712
119.704999771
118.614993876
115.077884144
120.326939659
118.002441629
116.759877461
118.307429052
116.369620788
117.444580695
121.804933275
121.524297628
123.864869883
122.679466006
121.59105656
121.59215312
121.412172065
121.218648388
119.23747888
120.556874811
128.760245931
121.203307584
130.74835445
122.783802812
138.29710358
119.710771216
118.802220263
119.233620397
144.224357164
130.308838252
118.13052412
118.676369985
118.004415558
117.851995363
119.775078161
125.574952032
114.487027572
118.520720502
121.886918166
117.075264774
120.774674316
118.511408359
119.832275336
115.664481788
116.559046753
118.906944858
137.889609247
116.3168868
116.30234314
127.871086271
126.6237153
115.351766283
126.666286598
121.369871139
119.05560639
119.96912651
133.385123222
118.830021043
117.883392444
119.009138563
123.473687822
124.240084927
121.365763816
121.758448651
121.858259437
121.067392488
119.439571056
126.425384973
122.449863368
125.157534392
119.220444324
119.719954751
119.059212844
122.109185746
120.218143717
119.113585181
115.74237688
118.979946402
125.39969896
117.498977588
116.330633728
122.541675712
117.108246056
117.459468649
120.544374383
115.990808096
118.099504
119.585808803
120.990947022
118.416068303
119.10705901
117.421415447
119.025112529
114.547930412
117.338663124
122.762649593
115.42547424
118.547533411
120.651745278
119.611700098
118.203349424
115.647851391
120.469669354
115.654185401
116.966014642
116.349055603
114.993249837
118.30070326
132.938174976
115.390052722
124.869915198
115.358372409
117.512269527
121.539909972
122.18394713
118.678674842
118.555011188
117.800063014
115.393770971
115.803622598
115.425576561
114.897124259
115.365623443
125.914203599
118.923274513
114.719083105
115.639056313
115.047426687
118.718335831
114.362836598
114.192367264
121.280853341
126.415722203
119.191552007
127.009243466
121.233266469
116.950017728
117.350342336
114.818209595
116.967999669
125.894005481
122.769177443
112.446663857
115.111652482
114.698101721
114.946808328
112.446663857
112.758688416
110.750113015
117.129828679
119.007506453
113.040561195
113.510963513
116.00841335
113.705530636
114.442378655
118.132416554
115.385530984
133.925637723
118.681795432
116.741642917
114.986256954
113.530064269
117.767808538
116.043246114
111.207510911
110.959895443
112.271640964
114.958851046
118.390841059
117.526382317
115.074515183
116.043126122
111.708969011
120.710810895
111.680329365
112.47103012
123.984128231
113.82759215
113.844945328
121.033095064
117.050850144
120.80950748
134.583356477
120.855183884
119.231548586
113.844945328
115.882509867
119.589863237
130.388191834
113.811536337
120.84108361
117.459088398
114.625354588
116.8345342
114.328260536
119.866741668
113.724875261
112.759726457
115.215938943
112.54750663
119.140868585
113.024245749
113.755478989
120.940677607
113.242059653
122.195245477
116.715874422
112.452620152
116.788763841
118.093793437
121.089263986
116.402225745
114.923855979
122.006056698
123.182514577
118.728860432
113.395951389
113.752688209
114.894432368
119.763606369
113.578395908
116.103069469
119.202569985
120.143412811
116.738499586
121.789097342
113.570352755
120.037066197
118.97410931
113.144980403
112.997291081
115.34094124
115.159162868
121.917070623
119.37669185
116.676357904
114.912631033
112.737140809
116.24502745
124.208778939
116.13180207
119.604861433
118.642479156
113.522707964
121.006175505
128.151411173
115.993943792
120.925329104
112.329334298
119.104800634
120.36825267
115.784112106
120.825494542
115.980030523
118.234672645
114.399019164
113.507344372
121.653915552
119.893465015
116.168702471
113.021567587
121.785267345
119.723588034
114.681351896
116.233553613
116.756200494
126.777427773
119.345055582
114.730871501
114.43538532
129.216074521
115.987236426
118.979150689
116.286501649
113.195014664
119.508256725
122.220667188
123.71680026
114.076749969
118.704687949
112.381221088
110.814146736
110.806807124
117.07181789
114.349909778
124.772169394
122.557089326
111.20476846
115.196400144
120.032099226
110.699877449
115.229492963
112.629198765
114.717957295
115.315000924
116.4161774
111.216673781
125.167798039
112.124345214
120.061345687
113.924594754
111.214959763
114.858043745
112.166240566
111.04751026
119.177315943
112.424887922
118.208298897
119.894064951
115.225118846
114.065797915
119.344521163
117.979466577
111.546925409
110.060411257
111.455535882
112.056652511
112.589934591
118.298829927
110.743409082
111.352021592
110.963411865
118.107537899
119.904873293
115.573133883
116.801464928
112.376102202
114.903483937
115.774303375
114.821448596
123.697302857
116.658616268
113.967053047
112.620829199
115.047153096
117.538403291
115.423380769
117.139164924
124.215230572
125.248864193
112.78639354
114.120462964
119.183686613
110.753682224
114.133838462
111.149180838
111.473962631
118.715784341
119.196908388
117.367916425
126.989737308
117.316856672
119.677687482
115.634037486
118.215851258
113.902131664
117.87266388
112.814778773
115.059680639
110.543365144
125.550834206
115.352023643
116.757765124
121.729372083
117.119342814
118.799423859
109.846592791
119.802435412
114.441659082
121.045183438
112.308929564
116.239414966
113.691252487
109.77615156
115.952629276
113.095363218
112.655740981
110.093030541
116.995680844
111.726956317
113.153388444
116.922483274
109.816898564
111.385036206
113.577935084
116.808241596
112.284552912
113.755756312
118.890247218
111.780347595
111.033223416
109.80999045
116.0357132
118.059624837
112.734718129
113.100326194
116.485053227
109.994732466
113.977656609
117.006172345
113.909828329
114.535413339
119.32767086
112.650254417
110.398582956
112.271843095
114.921594511
111.980233944
113.473376343
112.552321419
114.543699365
110.614950617
118.359774531
111.260873375
114.934585996
112.193488961
119.038442957
115.368868342
112.58862733
111.182068552
112.975429452
112.58862733
113.639427042
115.520726204
119.611127592
112.006269447
116.33089041
112.100358792
111.913396837
111.337332139
112.646420002
No improvement for past 150 iterations. Search stop.

Press 'q' to quit

final cost: 109.80999045
