seed 289
N 1250
K 9
Temperature 50
Decay Factor 0.999
Initial K-medians guess:

[[array([ 372.61634491]), array([ 914.30761457])], [array([ 1006.88244112]), array([ 883.23452483])], [array([ 315.62316471]), array([ 337.48421768])], [array([ 804.98650931]), array([ 9.56527523])], [array([ 939.55658474]), array([ 683.02558507])], [array([ 335.09643837]), array([ 674.11699653])], [array([ 864.05965355]), array([ 1022.18212051])], [array([ 433.67470588]), array([ 881.92088591])], [array([ 167.4742864]), array([ 965.1061245])]]
Initial assignment cost (average distance from a point to the closest candidate median):

181.707000496
171.491220609
172.156347911
138.551427946
133.192719576
135.069257362
135.037925862
137.993505728
137.491352507
127.27560089
127.010588095
125.563179793
132.802713636
129.738397052
132.842964619
129.770592863
129.013339292
133.602241674
133.837179083
142.668184275
147.208555869
178.959724175
180.422990984
179.141340606
181.669301898
181.751475496
156.592861519
155.281524094
169.340632579
149.130644889
146.842684141
146.597702067
160.303126319
161.898244625
158.788346793
161.104214136
160.424104332
158.806081022
135.327616242
133.546179565
134.422940623
140.089439222
142.515513849
142.624990065
145.042621161
134.404383414
136.150953246
142.480577813
139.532263459
153.33513394
155.772976471
154.359362149
152.453813299
133.176880842
135.354177826
138.768951207
137.494337964
138.887092765
140.354455293
140.338864643
138.324240424
136.40476823
145.502876821
145.586532878
151.537545965
140.600169348
139.623094578
142.04800485
142.585325143
137.728261819
134.235098659
153.450561284
133.257934554
134.748697257
132.983931775
128.507226465
123.392156641
126.21650755
130.830799818
139.352528022
136.191296705
131.638603542
156.671201358
123.304933697
122.351051048
121.069725991
120.630070425
133.983521
137.392062015
137.474567132
138.898717408
137.274842616
139.958333795
131.838308126
131.623714403
138.660007893
139.263938985
136.167139766
135.849857219
139.587181254
134.645996826
131.455623821
133.788732905
136.150251706
137.486117751
129.605299726
128.297575805
131.3928449
135.760849131
133.771269599
140.150213604
138.917335499
134.618097625
129.643270414
129.155069068
127.549866199
126.687260927
129.156679166
132.110884347
145.244197106
127.504134219
128.019980778
132.299540557
132.393230153
134.861440511
128.295838637
129.718440793
132.704112907
132.44973496
133.37989308
132.63251204
133.224070875
127.240797879
130.32414193
131.151257303
127.54026795
128.371323949
131.845670378
131.335015461
131.488093863
127.945559695
140.515630816
138.939035608
122.285632822
122.162459878
127.053525811
125.901177807
133.37808281
134.582219494
138.651316357
137.780162712
152.90418622
135.465726243
134.34924932
127.38910278
124.178517009
132.493471629
127.892577612
128.825218492
126.900567053
126.450283985
126.517541173
129.300907747
152.611223256
123.908976188
124.262226374
128.162409717
129.513152339
135.194428863
138.583217942
138.437462893
136.08085507
129.897623465
128.939468398
129.425709753
129.305608184
136.553583126
131.531057587
126.317669812
128.480700161
125.617161864
139.058182918
142.019843756
135.145055912
139.141970838
145.174514494
143.920692595
154.032238509
148.289340102
137.458455462
127.752895116
125.184671445
137.857866926
136.673488976
138.51789718
144.568105071
144.746876771
130.159788282
137.23100313
136.952032119
137.091610021
135.541104495
137.641558896
137.699864121
138.069886839
134.023110762
130.505680259
144.865830709
131.426009032
132.947627836
137.674787277
138.006283988
138.352587459
139.595719098
138.7777994
140.792900166
140.159447763
135.439367322
135.767898671
140.102765498
141.974302201
140.995844236
135.515823358
134.980826257
146.601177326
138.358624449
139.618537138
139.317306965
138.016144522
132.790854187
148.275840417
150.895170187
149.783610257
156.814161867
160.509723816
160.720942884
148.994585157
129.727762499
136.028082017
138.171227563
124.593027592
127.704974808
130.005836628
132.32180913
130.070282709
148.093153579
137.122127598
138.982700885
141.014761953
137.349924824
135.228027976
138.831671137
144.150463533
152.93104233
128.793060274
130.33940713
130.149823544
125.955158995
125.880411331
124.897456353
124.456325807
125.041417594
125.41122527
130.869649045
127.174524835
133.332949862
132.401370685
143.282371188
132.217220081
131.592682324
132.632243115
130.667610044
128.384024792
126.344905263
143.914169951
124.634940424
123.102305556
138.28331588
122.823328558
134.868755119
120.935284021
125.400891403
120.67873342
143.362375415
125.945138175
128.141936042
122.272689088
121.58577861
124.100932861
123.968613757
125.753915689
128.69867804
125.153463363
124.246502827
123.468328795
123.086154836
120.085331689
120.203916692
121.994980716
119.675801092
129.898339369
119.925486487
124.168875347
135.01409127
120.29449658
120.875182994
126.232672319
121.84045973
119.648525014
125.25738074
125.106364924
132.332486075
126.033061032
121.612808819
127.223092646
138.53031811
125.632350156
131.576108605
130.234910668
131.501401302
133.25026411
135.268362537
134.60532338
135.423118883
140.196860709
140.615486339
127.681571055
126.448806452
125.25363696
130.645119131
130.054550003
129.94740139
130.583098478
129.056853069
135.832714374
129.342257271
130.313672622
131.394849243
136.010197374
133.071983771
128.538361407
131.509794005
138.637526378
137.795392056
143.990881831
141.153555378
138.173030108
135.78007679
128.824495776
135.558009419
128.246016496
126.561756782
135.923115733
129.857665888
121.623011426
126.263484201
127.716152056
128.405836503
129.809001417
135.835371625
129.906075114
135.484281134
138.395724197
137.311073722
137.797648342
139.870803671
135.391878888
136.552423822
133.055154578
131.480630075
130.881330184
133.724217205
132.460749743
141.797974989
134.259990896
135.620832896
144.06428126
146.12927506
142.397708216
139.256230812
138.952212413
141.960442159
139.462723346
142.013669274
146.143888176
140.632507193
135.231591823
134.695657569
140.118976741
131.636944769
137.695309337
143.287582373
136.464364365
134.20405761
133.895562277
138.923908959
137.712784907
140.774547487
146.757421061
152.063295312
147.799756719
153.079613331
158.984171905
155.291629065
155.101586661
154.524352359
146.987174755
132.71658972
133.507855377
133.200341342
132.610283882
132.704719657
133.897344856
139.469031209
135.705875659
137.42153271
141.719042131
136.495100962
145.090885416
130.373784306
132.012791543
136.050557852
137.473941071
138.591826664
141.310973194
139.868792375
132.528904627
144.573470723
140.971255411
138.496054935
137.620384877
140.343615204
135.917359097
135.227757571
143.553390771
132.765363086
131.582518208
150.522420356
132.183855339
128.161105204
130.848484252
130.751112648
127.717756341
133.065180063
132.254473649
131.600694498
129.864970824
130.64691804
127.689188605
126.310511679
117.448804361
118.281137269
119.234387002
119.819813461
121.871997797
129.963235941
125.34042384
127.333525886
127.684860593
128.820254071
124.937996862
123.060179866
126.440357406
128.938103902
135.033983224
132.780364908
121.595606209
122.446107584
132.708561509
123.421939921
131.670378521
124.144234331
125.76485509
134.803962217
132.025079309
125.178252333
127.495285683
123.817567333
121.399788276
124.258239113
125.685070618
123.108788689
127.019792847
135.372178169
124.198629948
126.630626584
119.206373594
134.877034994
127.513829039
119.201589286
123.563327201
123.366552426
131.668818451
132.94515331
131.124642392
129.700786545
133.570025931
129.312665635
127.704803517
124.613383653
123.659992159
123.378343959
127.32053174
125.956974065
122.147747511
126.299956304
119.583871492
120.163011621
123.623450269
125.058103879
129.056601663
128.208100214
132.092313735
131.433196848
134.501238785
133.376398941
135.493298269
131.816443735
130.082372943
130.851952591
129.972760129
128.070686002
125.208049293
122.470871641
122.87424803
123.597719236
126.023664374
126.479703488
131.264959287
126.83248272
130.621411089
130.913029362
127.657257385
128.569506826
127.913670845
125.755241629
124.127671153
126.775923026
121.557815924
122.794088699
120.89105426
122.738437601
121.775175758
127.547504194
124.020131118
127.699896864
130.416204932
126.326306948
127.422406713
130.648524008
130.162642545
130.115841669
133.518587019
132.778621315
131.929496893
126.803018162
138.395859894
127.321269358
137.33698707
124.762428309
127.559006625
130.118535919
132.302683854
135.236161794
133.967319759
143.341927944
131.866959379
131.315354544
133.208437682
138.687185682
131.561222977
131.453163646
129.134447975
144.848936741
127.930275045
127.233396456
135.748121855
143.292452322
126.249138648
132.548089694
133.002706871
126.725456407
127.546458627
127.733998626
125.398057519
127.408378708
129.524170504
124.59625725
141.299586714
126.327567788
123.070910458
128.292905501
126.874757441
128.085375536
126.908298932
130.918688879
133.353992452
127.549532868
126.357004334
125.063604582
124.448164748
126.485878459
128.553216152
132.519249027
137.502306663
127.658956567
127.981267452
125.813501379
121.179177992
130.97230952
124.37230705
120.250499399
128.770014747
128.612566462
132.824469383
127.470410841
128.509662926
130.849022327
120.232614189
125.010632782
127.840980649
126.056229334
124.344126664
124.535710833
119.57780598
126.308857211
130.515898085
131.318605562
136.100895267
140.858873898
135.738273791
130.950415419
131.97676905
139.172316911
133.072035477
142.099242309
134.207886695
134.65337072
136.211061711
145.651368664
137.654752937
136.480188077
135.581850592
140.20092956
143.40857852
129.234745326
130.026229123
127.537295395
182.962532923
126.548355608
125.845727892
127.162598336
142.827004397
127.593352854
134.376495212
126.08122414
125.348684111
123.382514245
129.459409508
144.107632066
126.417982641
126.914361582
127.73790987
130.362679699
131.799478418
131.674735674
130.394022603
129.391606579
131.669391663
134.238393589
128.875350005
133.873340597
131.264099193
132.499896466
138.348403796
130.422090593
126.903851986
130.787723415
128.173884252
123.657316256
127.687481203
121.148509214
129.386852914
121.618949517
125.091722296
124.009961722
123.067893801
122.414816659
120.123840423
128.769361239
124.357813024
128.279129347
120.31156212
119.108533323
121.428189626
123.286960494
124.005790704
120.223003995
122.816575768
125.101962349
122.734709078
121.090889543
122.974569247
134.093612207
121.368350454
122.720677969
122.430459435
135.464119135
121.445750801
120.131504932
124.292122043
120.9776802
126.745643773
121.462190865
120.471823083
125.022860837
126.168084595
122.8631263
126.611908908
131.673479693
136.787995162
122.790027904
121.208392485
119.754715205
131.526314676
133.808555924
122.785344347
119.430302888
123.266665403
119.847865953
119.799290746
120.505786347
129.81495801
118.742713662
124.415292
117.538940017
117.455401624
127.331683474
116.047112388
119.107239489
120.283885364
119.511047112
118.883684233
120.815607338
124.722055424
128.633597317
123.559612018
122.983112524
129.194865734
120.383360668
121.812110175
116.720741855
115.890176712
117.39345067
119.563231214
122.783394543
123.120244118
128.022348335
123.945274679
126.141765399
125.474707162
143.463748983
126.799389032
128.69273764
136.678606094
122.094048875
127.703145387
122.106558245
119.096235752
120.612020592
120.707709576
118.65966965
120.867642671
119.553505339
126.886353244
132.054153101
121.026364059
127.102942926
117.701387617
120.974168251
122.841609358
125.399184613
132.40364017
127.53632107
129.317214079
124.65699513
122.720695069
136.315897806
124.047941714
128.535095306
125.541034287
121.229838381
118.106604463
117.755457961
123.194251086
120.522196687
118.325161998
119.288085372
118.935323885
120.051481911
119.819501902
123.359846759
123.831935332
115.118033805
114.211832085
116.758745965
113.929475767
115.76693632
116.017994221
117.6511703
118.637596993
121.985140685
119.754429185
115.175956467
118.910497818
116.337968899
114.958129806
113.973858485
117.199814807
113.517382043
117.091234563
119.81794831
130.327466271
113.46286357
114.011537972
113.846324313
114.358628739
119.073084047
117.641912965
124.521677254
116.095376963
120.541983906
120.758155372
122.319508688
113.663409486
119.152284589
117.615201711
116.280143486
112.963167573
114.444094824
112.81081753
112.146564676
118.420793495
125.883909734
113.431186136
112.295681769
119.857752077
121.655389256
118.469404428
110.919378267
112.427469754
112.180810445
113.514719772
112.471282328
123.176458688
114.877432278
111.072262192
121.556672631
117.772964884
110.411932377
119.604515774
111.353031854
117.452222681
112.843017752
114.148565194
116.629799403
114.404395666
114.616021098
115.598533006
114.782719069
113.81728038
113.37414589
113.941860902
113.374273016
113.349021428
122.028988055
112.778117099
113.744652584
112.608838445
121.529465981
117.974278272
117.355863669
115.752011267
116.137935534
127.233199276
111.281366875
115.666495177
113.112864501
117.601148356
111.732321271
117.40202505
111.757501052
114.987381987
124.511611503
124.120578252
118.298987951
114.292785063
114.688561376
113.413112064
115.352526655
116.047239453
114.243715783
113.785241712
124.909445951
110.972459461
111.597311888
114.964185158
114.408655054
116.999222613
113.758525461
120.268708249
112.409077384
116.570514803
114.592051721
115.037128992
115.197406561
114.008480459
114.520689974
113.603586525
117.849618512
112.563524363
121.02159315
112.506538778
113.385723757
113.748426029
110.900458715
112.396518698
120.495133305
115.211186482
112.906664924
112.094985506
111.625870042
113.228660737
112.44577762
114.102999818
113.385723757
118.380696921
117.793322376
116.581575642
113.311307288
118.711543989
115.6883512
119.329924405
112.76880924
118.27073114
116.221116398
112.122427176
110.327204385
115.190144
110.73269429
114.479843092
120.979633422
120.520526191
116.047620422
115.835802087
114.872556561
122.779316592
129.144528267
114.81719559
119.017676393
122.730411403
118.38825536
114.908834726
125.584080315
117.769657713
115.419932076
116.016981359
115.604393055
118.572951299
126.621175741
121.138823182
114.592868556
114.486238975
114.56455913
117.063242055
126.953191956
115.986723196
111.341304952
114.826501453
111.450751064
111.393831067
116.915870142
111.511937462
128.145842935
115.488767554
111.62066049
124.309025223
119.950372878
114.572273634
113.525928084
113.492643701
114.242890554
113.872625749
119.671665143
111.626858448
114.750000273
116.038579561
118.266627814
112.23958884
124.905838483
116.691085488
111.332159382
111.692678365
112.044185891
124.924860769
112.554029537
112.512463911
113.612772947
120.047656732
111.139814937
114.926481523
111.932540367
111.977344686
111.949595137
117.0162259
120.602894844
110.537067345
118.873751351
118.532508244
111.905411748
110.537067345
112.894624566
114.337061274
110.557433138
113.366799522
114.248594058
117.16192486
116.870190609
121.401760539
116.180320319
113.566309348
110.654126508
116.314472231
111.020521786
121.836406029
116.481887481
112.464924784
110.122070195
114.748838917
109.533706859
113.429258646
114.424131853
112.959312978
117.024119978
117.276475193
110.960551919
115.74639297
118.642678727
118.305442372
114.465461066
112.593584001
111.77519376
112.953771128
110.32789843
116.35756911
109.999710744
110.860052061
116.229824482
121.241900212
109.955320193
107.33719955
108.157355315
114.453166778
109.895515456
113.342138689
118.252094958
114.829543756
113.023681226
114.129822878
121.012566293
119.478544758
110.095830503
114.743528319
110.645034815
120.320698916
113.89283938
115.039383688
107.777019466
109.702586045
107.438684265
109.305546591
113.674749975
123.073782109
111.947385237
114.328128983
No improvement for past 150 iterations. Search stop.

Press 'q' to quit

final cost: 107.33719955
