seed 289
N 1250
K 9
Temperature 250
Decay Factor 0.9
Initial K-medians guess:

[[array([ 819.55319964]), array([ 588.29825989])], [array([ 680.42317808]), array([ 381.20500103])], [array([ 755.47022969]), array([ 396.30549237])], [array([ 464.83645775]), array([ 991.91304804])], [array([ 806.27270597]), array([ 454.6505406])], [array([ 653.66801698]), array([ 311.94338857])], [array([ 614.62048597]), array([ 388.68243487])], [array([ 698.06371493]), array([ 661.99911017])], [array([ 774.36269257]), array([ 812.35517223])]]
Initial assignment cost (average distance from a point to the closest candidate median):

158.812895174
161.270429202
161.968744127
159.756528029
163.917543797
164.776645802
161.964462033
165.629791171
165.399558537
164.799797684
163.076584994
166.944303701
163.910758368
161.981853822
154.11064181
152.768129296
161.973173269
155.185717872
156.189848222
161.140309865
158.883445414
154.873139863
164.139921368
153.685060333
151.245818003
150.102790322
152.237091549
154.442087277
151.610590448
152.972769593
155.193217904
161.705168907
149.302359067
145.712939968
145.776527885
145.898691073
149.883957066
149.837516859
147.055604284
146.460384929
143.808849863
147.437790731
140.952947169
143.661826739
144.105888207
148.349867192
134.427864756
132.584724509
138.176577085
137.186847751
133.948186479
132.977163525
126.250568909
128.196396022
136.658716897
128.81244564
132.153671249
125.462506224
128.332551394
128.313117794
132.226658017
129.379873932
130.246411492
125.32019451
126.185205372
129.057594518
133.73031435
127.313965716
130.924253079
126.66867093
129.071352903
127.471241197
125.125067763
127.079782143
126.058835046
122.290537574
122.07591939
135.235590303
121.384520678
121.825570729
122.26249664
119.665733413
121.311419965
120.586128545
120.398656195
122.583453895
128.557291342
128.312564688
124.47515979
123.253240884
121.196691234
124.863389391
121.222249057
120.625238231
120.354223819
121.46970046
121.215632231
120.152358294
123.448731777
119.498024772
125.043178312
119.062115733
119.859496734
118.691100523
126.518508069
131.381939207
121.825420897
123.756703109
129.658601398
122.305233924
120.448890829
121.719013642
128.434010793
126.395795214
121.880639197
120.192838136
119.344049074
121.211638789
127.508059561
120.401684711
131.6364433
122.808389677
118.327133419
121.857192923
126.697346844
123.096596416
120.977622681
120.911464885
120.628207099
123.769425379
126.529515147
124.821052442
121.934836413
121.663873373
120.223521725
128.370708584
122.946386102
117.879408094
127.363450685
121.618411594
118.915648727
122.691266703
119.87916269
122.194217865
119.521160195
123.320282808
121.544750765
119.217580371
117.305050925
124.488282186
122.108405401
121.37322571
117.582542362
124.37498151
119.933153033
126.852000451
126.840050264
114.414765386
120.56988799
119.801690845
117.048298088
117.196043953
117.239771529
116.422212765
122.791507397
118.138234507
121.590427401
122.806720994
114.843905919
120.055255976
114.613385172
116.84127904
117.759618781
115.783508467
120.934975475
116.008971015
114.771546562
119.78660146
115.93637471
124.110383034
114.359465348
115.360971251
116.286196009
116.906568955
115.05862069
121.669104806
120.33537107
118.092951804
117.375474846
116.110894553
115.148432184
117.457024083
120.635296283
114.359465348
116.328932991
121.865611625
118.850582117
115.805584527
114.528530438
122.248256025
116.576152562
121.490789728
114.692257077
123.407572569
116.897007853
118.845792249
118.390877672
118.663940223
116.627678035
117.590917841
116.043975061
121.96139414
117.870147548
116.584400122
116.993418369
117.739905723
No improvement for past 150 iterations. Search stop.

Press 'q' to quit

final cost: 114.359465348
