seed 289
N 1250
K 9
Temperature 250
Decay Factor 0.999
Initial K-medians guess:

[[array([ 791.99691101]), array([ 439.76705866])], [array([ 391.80532766]), array([ 468.7654493])], [array([ 794.8302541]), array([ 541.42863537])], [array([ 911.0583328]), array([ 515.47954986])], [array([ 457.40495627]), array([ 790.64134326])], [array([ 54.75120879]), array([ 930.91459794])], [array([ 899.38519269]), array([ 415.59347016])], [array([ 483.79136142]), array([ 361.65995385])], [array([ 911.38764953]), array([ 481.42886668])]]
Initial assignment cost (average distance from a point to the closest candidate median):

172.685680665
177.195505271
177.813119399
170.504451944
177.316325004
170.825492544
159.376282765
159.258001137
166.04152544
167.706865577
166.516046783
158.924971263
156.682370867
159.612027067
158.910640848
142.387218016
140.13080412
139.161248086
146.817148945
150.261041072
149.003866699
146.87865904
145.9835042
141.722977845
146.581918518
161.252990661
162.990780912
165.415315768
157.674957632
157.131199894
150.817510853
147.111161547
133.532299049
131.165108449
134.628680554
131.240651794
127.485248351
126.080915328
129.960454595
129.457498918
129.744316674
145.870622404
132.605692355
129.183685686
134.901312642
134.69699321
137.496955468
131.406849174
125.713859895
125.783002961
127.867386835
130.179501755
131.828707532
131.678901728
135.447837048
142.789704047
143.024271135
139.753122297
140.211083287
140.032361391
138.957011059
133.710576259
136.952605915
142.736570412
139.608129369
134.332327082
133.12265933
135.457454954
138.81939099
139.008719993
136.332183747
137.687422912
138.498631283
144.467329222
147.668487748
155.493439352
154.665971387
162.723400707
157.041337764
167.147482958
180.246648771
179.119562342
181.033807139
184.786944687
153.253575567
155.117087875
155.156389132
155.549743658
155.72779237
154.254891922
139.244534948
141.830905052
158.883995289
156.106211427
178.780238092
186.295243558
185.577529429
185.134705243
177.627591516
178.308200864
183.070590082
161.78768577
162.164363035
162.117242131
149.314623461
149.91691084
163.951127273
163.590928163
151.770920752
159.349167169
161.653523747
160.085371386
159.155264849
166.266654502
164.943794208
164.348042443
164.210568056
165.451105606
164.597809407
164.299729425
163.064664309
176.6257353
160.029705796
151.363115998
167.554040817
149.057255809
148.496646389
155.723637903
162.343399928
158.021279081
158.956876083
162.456898257
171.797543683
169.370254147
173.97824675
185.398066948
185.445436827
184.97001847
183.546551657
182.922718358
199.34079879
198.050796655
197.462789106
198.206224779
197.514041552
180.289120648
175.203697933
175.448803452
170.6515957
162.611513455
165.226648961
163.947250136
173.15605109
166.067360957
165.830152487
169.810423321
175.179308512
173.446849578
179.463200743
161.10780693
152.465869059
156.259653121
161.686952758
152.803522113
150.885332722
148.257234937
142.514524229
143.646564788
139.312841786
143.318305157
139.597810563
142.402105823
142.404745014
143.410502345
142.403730239
149.885220522
138.237065547
141.986747292
142.112119988
145.866737068
150.521059029
148.574063448
154.426463098
150.055031077
166.635313452
164.846898585
161.872384238
163.903523889
167.010638227
161.573607096
161.131778551
151.143573417
155.127492031
157.656578606
152.402933888
153.076853478
152.124324677
155.089420337
159.676622407
155.462728665
161.038101128
159.756216848
172.869659056
153.805535567
147.662424569
147.895439174
144.605371892
145.131909635
145.122514886
147.655836991
164.842876786
168.412379263
163.715021423
161.807200712
161.549785045
161.832769016
165.11268273
159.176448231
156.374283253
160.561460048
162.952195024
156.291384641
159.438685363
155.008608448
149.308524681
150.682658798
150.38152324
150.035489443
142.066314664
150.182318188
149.033214805
149.744279255
144.197842946
145.705659879
150.662417766
149.870879671
148.448171033
148.239550206
147.333889576
160.188331257
164.088028232
159.238629445
163.95476788
161.052863431
157.358183277
151.005964579
145.100374681
149.979039654
144.147843899
145.05808862
146.461622408
139.219642268
140.465963039
141.603887256
143.74878335
141.103828558
156.183297756
152.384850591
145.721822479
142.014479022
140.840918297
156.456978444
148.640502498
147.922507512
150.223244798
153.162002964
148.496669404
149.241071146
141.729949325
138.987183826
135.217674052
136.518859237
135.22209459
137.774811514
142.859353243
148.097082443
145.120496989
158.536996916
152.344181405
154.501281728
151.519342258
151.804249639
156.424077671
157.562257139
165.884505802
164.682457268
163.402134092
157.294683775
157.715007923
167.994147458
154.738182944
156.468451658
150.405743192
160.402535324
158.289686659
153.682035403
151.782299485
151.595634535
151.833153435
151.703331276
166.146101923
163.985936013
164.145038876
165.178508218
172.661680596
161.760347987
162.842768687
157.258753552
156.511728361
147.487104544
143.266596845
146.29074169
146.013462631
146.172240189
148.060845966
147.315667503
149.086571467
144.391918176
143.613074273
143.520145894
141.519058067
141.572133272
139.584836755
152.385760098
138.201966818
141.861126702
138.849339771
139.550534162
138.914829744
149.051385963
148.124061171
145.708842498
143.268058331
142.721842306
149.494651973
144.63209674
143.618990635
146.899695517
142.959378882
136.320015078
136.282573128
137.117577798
137.520467867
142.073650075
141.389728563
142.72987413
141.124783128
148.264136883
146.06802457
137.002865787
141.260582795
137.476041375
146.029273656
134.983835988
130.661248156
133.628003665
128.003456307
132.362997006
136.139316129
136.768359811
146.300826009
140.762994241
143.089320637
147.222493758
141.733968076
142.265706886
139.085627484
138.686151494
133.69546885
130.813326185
134.27317638
142.685075092
144.844006647
153.23405851
148.217755402
145.011597464
148.550256719
148.766370268
147.484641258
152.998378872
156.221455944
148.052369001
143.020668892
136.843601946
135.567274107
141.481398759
138.985578443
140.862977507
135.33277281
136.06107973
136.752560894
135.698376264
135.566997206
135.699760704
130.678186865
129.157887541
132.050628732
133.673235913
143.602221591
142.642040914
141.272012735
157.259054893
159.272633132
159.44185924
173.624879313
174.470766569
181.024887934
169.103316407
174.04330658
184.504210938
178.200252642
163.50206717
163.47269158
164.403123005
165.6536139
162.084091829
161.843044926
157.323756607
138.036838997
150.981263578
150.910463384
160.249311409
145.208898523
152.224030592
152.092740766
147.65833202
147.855652288
153.581829721
150.108513369
152.600194671
157.364622608
156.191378425
162.111264353
162.416514345
167.812185776
150.595300708
153.180150796
175.646585167
158.089950661
150.369445024
139.488754205
135.985387054
134.049261398
145.820516325
150.472957533
153.015230292
154.450613131
153.624830924
157.479139713
160.142858938
160.063486958
164.693492304
159.984304321
171.009214195
174.679074838
171.344934194
154.911011326
155.813768928
147.578210939
149.063016538
150.159864446
154.893856034
154.013730866
153.652731399
154.949328436
156.479006828
153.753202409
167.513870969
160.163917963
161.979312566
167.196119857
166.021489098
166.101182374
163.646850326
156.288639995
147.101593283
150.024214609
155.960085558
154.859403134
148.697249008
149.100418843
155.036984942
149.281122341
149.281122341
149.691650437
147.159489605
150.222447934
159.739269724
153.292661149
146.682198114
152.648301874
142.882882441
143.316560187
142.247534572
136.76695845
135.441477722
140.630065657
144.479808121
144.786432106
144.769687501
147.246885548
148.934058998
149.000821219
144.68441352
144.656347771
147.291393944
147.043053423
147.211583768
145.289144218
141.045072954
137.261772294
134.258814903
132.934782738
133.225215011
133.035368897
131.094739577
142.663059071
140.298504669
133.402135511
135.450804001
133.875947944
143.831089201
144.857076338
149.830233422
141.44093708
140.109165424
140.721684406
143.870266515
134.286387151
130.479135207
139.214259924
145.372339202
141.309599285
141.031441409
147.123291542
142.634795749
139.878266718
133.780350525
131.964665218
136.477632823
138.953383379
136.716589785
138.944943158
140.17347144
147.466106547
142.933549412
141.649835246
150.619658373
152.904118234
151.086676894
154.870702628
155.986704359
160.71518511
155.950643953
159.754506283
152.510967283
149.952318284
148.969269268
154.66645908
154.561103069
153.498585773
161.784532076
143.162856901
161.075342422
139.381040071
138.322782829
136.940469791
136.151552022
137.536203899
140.177337666
145.561652605
139.360892089
139.910304429
143.697967646
145.025079305
137.221436359
141.808171439
148.504465725
155.368565752
166.059780055
155.590451777
156.679574325
153.184815444
148.845100202
142.105123249
139.446778264
139.526454089
144.472408963
146.232043035
152.028428643
153.546979773
134.420250633
134.057219909
137.932702528
132.725721542
132.086271824
132.262464326
134.726490175
136.45230444
133.347150761
131.483466704
133.592324779
132.918399191
134.317108562
132.31009112
132.498985717
136.586297281
135.90562504
132.801896747
137.296054433
134.666719532
136.471197883
131.169057638
133.729528747
143.10977697
138.836590106
142.992771628
138.052254642
140.511148696
139.715939741
140.551274873
140.197635439
137.795556349
136.842117421
135.486262375
133.310514498
133.5541182
142.968323557
134.92707239
135.306629815
127.337163086
142.935159024
137.3056565
141.997000947
138.253206062
148.521379906
138.979982142
137.971765324
138.344246819
137.917961324
139.682741142
136.91816012
134.853657077
140.521359474
153.744661525
149.61489902
148.954540512
142.594906114
144.070307403
145.351995155
144.437748144
151.460792587
141.439524588
139.814453551
136.18294128
135.905442138
134.032461118
133.032696124
134.873302501
136.448085172
135.82664301
143.128195985
139.367613858
140.552122588
146.775650309
140.724230285
162.094187715
174.366634295
160.989526978
161.406932806
161.057531179
158.428342027
160.872307552
161.017043612
163.130007933
163.04976933
165.131991401
168.426408869
169.878792862
168.547328055
165.667025106
152.236777849
147.222587489
144.692670215
143.042851919
140.077158792
141.08455342
144.451978382
141.229250146
136.297011817
135.079135556
145.049250391
146.201437894
146.157762714
148.218755462
142.873970978
147.481954509
147.13669701
145.405485286
150.887748167
147.396754486
152.757273001
153.171942736
153.59800317
148.494111068
147.854652389
147.861631692
147.877373603
139.83360129
138.9070771
139.165488549
141.533792554
141.238021088
143.061319488
142.54185967
141.599142425
147.448646204
147.658590413
144.142841166
140.205387531
143.901045159
134.943458182
134.238611188
135.051292743
140.851903058
146.549076911
141.361075511
133.030033808
132.749794484
135.254170575
134.88314531
142.094788179
143.031815343
147.672081927
143.048535199
141.447306701
141.405322831
147.083490818
146.586879048
147.632284491
148.755618232
157.214815115
148.959260904
150.417215762
143.39002618
140.891738479
142.617015077
139.994608084
138.061835881
136.532867192
134.109785545
142.096825464
141.912067076
144.863034231
135.237279626
133.316058172
132.914060201
129.919669674
128.807930143
134.139408867
139.69789541
141.704217307
144.785869833
150.007831366
143.566361032
146.737586058
135.174769199
137.398997493
136.890828328
135.384905676
133.855483725
140.208207499
141.544368617
137.101945849
140.453593106
137.424521377
136.67455845
137.915106537
136.961845864
139.409478505
137.419669822
139.600498265
136.704220397
137.026720265
136.7798133
137.567191905
136.823766981
145.081548541
136.676859414
135.438516282
139.943073223
135.973574559
136.35266089
132.016964196
132.362111087
137.120365123
142.116461905
143.289713275
144.582256366
143.219361076
141.186405745
140.623791746
140.96228734
130.459291156
130.716851769
133.100508518
130.789905737
129.362150696
128.012885681
128.404627694
130.550507124
130.816494022
130.621953566
139.063341976
143.504338476
136.452526003
134.054569858
139.66854699
142.794345131
135.410191193
137.347831161
143.472887217
138.007785282
137.678422998
136.735980055
132.412265746
136.418646668
138.393391646
143.68375874
141.24528463
142.502268618
139.060963131
144.532512033
158.153183365
147.408875835
139.77086144
141.604538334
139.853757594
145.765545445
155.036275976
149.086592997
159.938356094
158.371428457
162.098602704
168.769811363
144.14251765
165.700757834
148.123096013
141.26628474
141.583911398
136.226424475
137.742341308
137.531400786
135.64107277
136.610692046
132.566306244
153.272249523
131.076336909
127.317399774
133.902426567
132.522691923
141.833333241
154.865382147
156.627389419
166.885120793
169.34451853
163.157595371
163.912452504
171.262780651
167.464151749
167.939652361
166.603626095
173.526591947
178.918891405
159.334795344
172.076792104
149.513846081
160.918920721
166.380522153
170.280317112
164.239297679
162.536461761
163.998755247
167.598529539
165.425341757
168.513119727
166.778034438
167.260420886
158.938071188
158.296403423
146.822852364
141.170999485
137.999019276
152.584156473
141.528968522
150.356411499
151.480260356
142.544530906
129.670889215
129.435463221
128.877734648
136.738134562
138.500977363
144.595956882
146.690632931
144.972142087
150.685349945
147.853961089
149.836102292
152.03111906
167.728440387
136.776178653
134.197229117
139.684617907
147.746226135
135.914564019
132.684166236
133.081991857
135.892094525
135.209662246
141.139339248
135.82051914
135.676939665
135.173390864
136.920463427
141.780654843
139.175155506
136.878299739
134.114570169
131.20741439
129.779823815
131.718350986
142.97337144
126.577040712
126.718447176
135.516113106
136.679992373
133.280445887
124.372763184
130.501877927
130.026201383
130.285757053
133.478492774
131.272746684
134.343844837
133.059834685
131.454325083
134.805519299
141.16602326
134.521455473
129.529054441
128.316777146
125.72388105
127.33590587
132.171029652
131.548836677
126.673751125
132.007780584
127.739585186
129.209072164
133.697782479
129.647841295
129.94161079
126.772194402
126.559438128
132.087686208
137.411971927
134.395833537
134.937223094
136.417525328
143.615682871
139.964446704
158.95556408
139.837448577
136.861913134
143.155409892
147.508843569
152.217007895
152.451773182
149.01396449
148.019370174
148.034610468
155.112219123
142.543588707
146.884659832
135.309355285
137.885302711
129.415951883
130.683717644
125.641185435
124.272266232
123.889782088
125.117882102
121.229007362
124.897296845
120.774983363
125.360258046
120.525983921
123.721329127
125.062428529
120.518041189
119.791649292
125.757432616
122.599963958
119.982541784
124.301169152
120.887172192
123.906866752
122.417556575
127.722211713
126.145367557
130.241937547
129.504828862
123.776453718
122.704582289
124.873960025
126.282403335
124.090418345
128.119494474
129.295792669
130.45888168
128.143120044
127.928915144
130.199969793
133.915343054
133.02305299
136.253897522
147.218626756
134.89657151
132.671570246
133.490273686
151.428582917
150.32776263
131.430418591
130.390117411
138.280838232
132.266478915
137.39613274
132.745139227
133.032123007
131.757234588
134.506505478
144.015425872
146.037507315
140.980301519
141.102039864
141.557782701
147.697800722
154.836301499
146.385337394
142.06978555
141.015677221
142.106007921
133.659356479
129.417017046
130.191342836
135.552426667
128.091965396
135.789100827
134.317068502
133.066519431
130.806758775
127.905807748
127.938022104
130.92595079
131.738132117
138.289214418
132.629918956
136.507014865
135.826485072
129.51337841
136.343554107
128.147965099
128.262301869
140.843995473
139.547859911
140.442516583
139.265373074
125.333459849
125.569859527
136.182862864
125.787177361
126.670285742
128.198355999
131.676856901
139.082784758
132.387318737
135.912743438
133.343059648
132.415582772
131.772288931
138.351019366
132.116096355
128.980209639
148.545203021
131.217700126
147.332861619
127.834335509
129.782354231
131.339430034
126.650749105
145.799706167
126.849246412
138.077789477
125.830563679
127.351973108
125.926649041
132.777163806
125.945232166
132.582811523
129.282811056
124.231095328
128.974727805
125.176331246
124.414151613
123.668221217
124.921963378
128.855282009
129.065581999
132.997362739
126.945657671
129.955974739
127.008723117
136.055464916
128.912953281
128.875901236
137.169507967
132.778998702
129.955730721
126.539318964
130.116117043
130.438973484
129.118097033
129.694646502
130.03564448
131.971930066
129.721304379
135.863703482
132.558186103
136.169145701
134.948291602
140.525439811
133.403800224
139.678024783
136.269854277
131.756381872
131.900738617
149.082559183
127.647607274
127.194978616
132.000335219
139.166087105
135.324501973
124.937279956
131.066478684
131.949788004
127.570714009
125.395740117
126.682688814
134.815853027
127.582052284
141.951987847
125.43896468
138.053878968
136.673583367
126.34110135
126.109167391
133.44642302
138.995271888
122.862607949
121.854331326
120.61655047
126.322936903
119.505586979
125.343731826
127.000413573
122.884253406
125.483338417
120.502075695
127.57298674
131.11441267
119.423414531
123.030689529
127.004014326
129.354699552
125.979067435
131.657734283
125.08834887
126.206592513
130.892788768
130.407884799
124.093102342
124.839523503
120.133305309
122.718130115
127.570123416
119.54006258
120.411242494
124.791358651
129.021876902
122.855179733
119.183197571
124.854691442
122.60545069
121.317894068
125.325255917
124.369176895
127.503398226
127.436797285
128.576243831
122.216566926
131.414351643
131.16557946
131.35316745
136.419966624
129.839498229
129.780464144
129.414277543
137.563271736
128.430385247
130.505173126
130.991768071
132.705326645
138.531337078
132.149348429
127.176992694
127.369950832
125.106540934
129.107043995
130.353744943
131.365221311
132.340543972
130.829796661
131.148685948
138.161858587
144.847111902
127.350681605
126.123207868
124.549823251
127.07001481
126.46495868
125.666093298
125.750934764
125.181351686
126.57597098
127.397906471
130.184290454
126.862709354
125.656135709
124.507075507
123.526690971
125.055959147
125.958454582
126.183758982
124.34376658
123.701715152
145.026752621
127.968622275
136.715358602
128.102444949
133.487971368
125.58522918
128.96171097
124.954731932
125.469324434
125.7212064
126.691213149
137.207817051
128.49976905
129.99449487
125.936031709
130.526828275
129.17311164
135.890149749
132.101748085
128.397133348
132.399279836
130.454616656
126.563393214
128.146125742
127.987224913
128.475949289
130.579102798
128.478047494
127.653255112
133.620971454
131.570858766
127.542484824
128.715204786
132.888005539
134.264539619
125.295237951
127.552057751
130.850481096
132.90287799
125.693336091
137.071636514
123.115682267
125.418810032
130.161664007
121.696316598
125.655580027
121.272190296
125.550498258
122.229496362
124.934595303
123.646082285
124.876503233
129.98940709
129.877538046
123.616831538
126.082700615
123.876358411
128.585550345
126.702458593
133.879096015
127.803351022
127.886128657
128.263307288
124.689436658
137.757873615
131.800154865
138.911981744
127.439083647
136.74811946
128.51059345
125.752379133
129.434859251
128.517424918
129.533896119
126.775863807
130.496437612
129.288304367
128.021557175
127.905595533
127.664186176
127.148782395
130.658553626
140.335540979
127.973726045
127.755067966
128.32851243
130.348658061
127.44695633
130.366075188
130.561945642
127.473362199
134.986465093
128.808040714
128.603401858
131.027128836
127.901457159
125.909345369
128.224481697
125.976352752
132.634442645
140.018782316
126.800750489
129.237666417
127.237330606
127.246941344
131.856586478
132.374228353
139.104709458
126.416568514
127.3904147
127.584496623
128.45139835
127.368985754
129.204754508
130.335469962
126.36857488
124.820871128
129.642297986
133.064605532
125.444789817
143.240363204
123.188801832
121.460701064
122.170124708
130.132176456
123.850164105
123.46090498
121.160379118
125.084736088
122.916957703
124.23178529
118.841552868
124.714928855
119.9421836
122.75141841
120.181988687
126.396184633
130.470847451
122.634898503
119.216403015
122.06734393
119.833215017
127.0029451
121.748624221
131.167074499
127.065668141
119.427610767
124.209447518
120.359877981
127.548370463
123.700794507
120.416131869
123.484086836
118.812264053
122.812541285
126.085923196
120.000461726
122.19557806
121.054457529
120.867825994
120.979531429
121.447019222
131.713072443
130.634123936
119.959260102
117.505238295
120.399881842
125.684101067
117.619451098
118.557469099
122.73213341
120.505870195
125.835285993
126.053620435
119.127603957
131.982132056
121.873633784
121.508441256
130.571354398
120.991373166
127.709331906
118.558725242
121.498963191
121.326919362
121.7221992
126.313443836
118.379183731
119.142240738
118.430349241
118.558626636
120.246785219
119.664168615
119.432078728
131.031822717
121.758633709
128.819163457
132.790704081
121.137925856
123.531395823
122.463507844
126.833055893
125.60858863
124.321552863
122.880617046
141.452248936
126.206182649
125.91904494
125.329756155
123.121715054
125.906039737
125.981210907
128.823462055
123.15680813
132.040127364
134.681211447
134.220857365
124.458439788
139.456223608
133.038931108
121.276300864
124.207227369
131.717510159
121.346569409
119.986474085
126.23779215
118.448502071
124.073735754
122.172892462
133.289983802
121.867887449
118.021846449
116.104666838
115.845526975
130.808839032
126.281948577
125.281812583
116.965414966
116.342954637
117.129868339
128.068567255
121.645071486
119.385582645
115.531824107
115.944786187
121.703438759
116.119136836
118.504153808
117.308587319
124.562246245
117.041305403
119.325618122
121.90051554
127.640382908
122.816015567
119.10720651
117.91117973
121.550980007
119.874257221
121.295256418
122.999992424
117.995247885
120.637343814
123.309892228
117.517587352
118.985396467
116.525388956
120.296918554
115.445990138
117.856818302
117.16052361
115.99597891
114.5647884
115.093994374
123.289055313
120.833201303
117.476287211
114.859870447
122.268886863
121.229644425
114.824114763
116.818631875
122.506321216
126.423484397
117.264458232
119.464113463
118.955303593
117.852164822
115.600104482
117.627024838
118.147862538
119.925309708
116.063179922
125.391028391
117.606655488
117.711897968
120.809854507
117.834952518
116.136361143
118.912891405
119.739216403
119.150555376
116.966885744
116.06922229
116.689014972
120.705215704
120.970194186
121.660281172
116.682909739
118.180049816
130.048152849
128.226371091
123.234154804
123.441622446
116.48690161
121.122895023
128.66952249
127.367222643
122.22602135
122.386956006
123.669420128
118.746423838
118.361303164
121.444679702
124.341010308
116.460486865
124.352322534
118.926867655
128.027883225
117.328314105
118.264010977
121.342661415
119.483807774
125.941662555
121.185267111
117.206800105
129.421361928
124.275135341
118.240307129
117.282921087
117.546379429
125.051695388
118.470927615
126.780944108
124.279720433
123.028259086
124.425816405
118.15594708
122.516314072
119.972860588
127.143431195
121.944783936
119.533701853
117.629891007
116.586911523
121.142252441
120.916528735
120.01811436
118.485744208
130.527175091
114.548352025
118.127384791
114.985696131
116.541215614
120.311446188
118.488908895
116.952610233
120.563662828
115.152378514
119.155327813
120.125868784
123.584292891
117.063691068
116.286260653
120.621918877
123.513912445
118.407721807
119.716776501
120.739984104
126.996297135
117.326582297
115.558563293
124.706170454
127.46722023
117.141418094
121.26079469
124.525366066
120.057783153
126.878424853
117.805576399
116.115952032
116.598705643
121.589607625
120.717212421
128.132459517
118.408069136
120.295045705
116.98094092
118.350821942
120.585719656
126.08700214
120.975370996
119.283596142
116.988385325
116.123101024
116.576722612
124.600650654
116.292885208
119.754365462
118.391978513
119.814591181
116.00349031
119.094026947
128.560689611
124.020914337
124.372101406
118.677200494
129.424219771
118.490625502
119.07708491
121.194144597
119.077250052
127.020679815
118.005463822
119.127653841
121.796994711
125.433613529
117.251093637
120.029402546
124.730450733
127.777303852
119.410380507
125.33920823
120.26795378
120.291106929
120.587065753
123.905866035
127.387152974
116.979880564
125.26621118
123.609876574
120.456766024
121.923588557
126.328896145
120.68739448
122.975280094
116.666826125
116.036692174
120.032049452
120.84198837
116.538034076
117.234167344
121.801378246
120.792560815
123.370329172
120.548583962
120.764397771
129.548216315
123.203079786
120.499920209
126.430583739
117.280079045
117.777805388
119.808621872
116.085793625
118.425748372
122.638075475
124.201185495
120.042167977
116.308976852
118.94440332
120.004003734
126.582503823
119.416846839
118.20413904
117.786365908
124.018703126
116.123842654
120.183427172
119.588366767
116.404613111
116.844697264
122.284322313
115.35292305
114.998020535
121.278843131
115.748828062
116.939682587
119.182437006
117.761859345
119.544756842
116.350416448
119.181826197
119.186448572
123.085149005
122.583430643
120.476991114
116.65603718
124.934990244
129.235040047
118.242135021
121.129479425
122.12726394
120.010759787
114.998020535
116.995020662
125.168480247
123.310614591
117.238408329
121.542360253
115.367628079
118.083162722
115.867080701
116.51098485
127.711200722
126.074489119
118.787664867
127.016236805
123.051869958
126.432504199
117.418877659
116.964028426
121.183019276
No improvement for past 150 iterations. Search stop.

Press 'q' to quit

final cost: 114.998020535
