seed 289
N 1250
K 9
Temperature 250
Decay Factor 0.99
Initial K-medians guess:

[[array([ 517.90203056]), array([ 442.02230319])], [array([ 435.8095243]), array([ 248.53355096])], [array([ 574.95379078]), array([ 755.86789415])], [array([ 584.40083662]), array([ 11.57944618])], [array([ 899.38519269]), array([ 365.59347016])], [array([ 621.0563999]), array([ 52.34303883])], [array([ 669.60954948]), array([ 536.31967566])], [array([ 808.14715529]), array([ 974.98743935])], [array([ 397.97946246]), array([ 122.8086469])]]
Initial assignment cost (average distance from a point to the closest candidate median):

139.626811665
152.01714178
154.778731631
163.763928537
169.885309016
164.454261412
173.018669872
144.723176848
172.365935424
142.108684976
165.127741433
186.466177754
193.458033944
171.9321543
171.607991196
172.858964555
169.875389056
162.733894386
163.77761063
186.028684415
175.588909899
180.988803803
168.781531832
166.19688526
169.894500505
163.104952116
160.702725094
154.707743064
164.45668574
166.344726185
164.889018002
163.129215346
168.611634857
169.132692635
161.607152017
156.021971749
170.467071075
173.658229948
177.173067907
163.831531928
160.31068889
159.762207202
163.198666187
163.363500521
163.276991148
151.314389462
149.93817371
148.243319816
145.02137236
149.717797461
155.788360815
142.390148721
144.725271204
145.058038151
141.262038049
139.784137327
140.436991565
133.029147706
134.424425811
130.276278022
144.992747574
140.820585527
140.767239514
139.698649634
131.925466917
132.514813769
136.795250968
138.800752049
137.198536849
132.182710953
138.128786821
132.977247974
139.058856423
136.54758071
138.110116722
140.418389418
137.890650408
142.689986174
146.115066107
145.116634468
139.255317565
129.919323244
133.309097499
132.516344991
142.748218522
140.319154082
133.285330398
135.732246038
130.555354796
132.927032559
138.095430832
131.881550101
134.743012155
134.28553069
139.69071713
133.839761772
134.413806945
146.698597585
142.977117114
142.71876541
140.922707043
131.845358425
129.104526102
130.022085752
136.284620074
128.202272777
135.547205273
130.004100506
138.560996859
134.32974894
129.454934216
132.221651311
122.345458218
124.874861875
135.642471123
129.493145163
128.625278334
126.302708537
118.92239531
120.525666592
118.905081694
135.682730683
120.587952425
119.32785816
119.834939936
123.227535625
123.91063272
127.258243972
129.458928926
122.888244633
125.397133809
123.453835607
122.000478539
125.771775527
132.415560036
122.766187467
121.596894305
120.586353778
120.288112101
120.745928526
120.715103287
123.293377448
125.127455688
123.489062713
122.405639695
123.141103998
127.169608033
120.219170124
117.85833434
120.419503728
118.258138401
120.635363998
117.934382199
121.014739968
118.091442899
122.489356843
117.054192006
118.722042432
118.043680596
118.222339801
119.414663527
119.013896084
118.705362954
119.097288704
126.470309486
115.285567907
123.005803222
118.310679186
120.02470572
116.797923849
127.643757361
115.805364818
125.956411607
124.967928391
120.02470572
121.390385767
116.243612905
119.883439999
120.072036086
117.849925022
118.882119888
116.684281776
118.040667068
119.898260539
115.974511653
119.742170802
118.69857866
119.270971473
123.218495698
114.691065597
125.616006793
124.166034646
116.211556927
117.321098506
115.085187931
115.801728945
113.919405718
116.568962688
121.381936318
124.036492794
117.391262859
119.366594069
121.075323229
119.783776873
122.696468552
117.216136272
123.729249358
114.758926101
121.934493137
118.826286595
115.696519014
123.54113404
126.780946383
116.24793496
113.988648132
114.412017985
115.023392374
114.229755142
116.30894781
121.215788561
117.427763809
115.524172581
115.279696736
117.214604268
118.03438948
118.775028364
118.165875977
119.847793276
115.68468151
No improvement for past 150 iterations. Search stop.

Press 'q' to quit

final cost: 113.919405718
