seed -5172
N 1250
K 7
Temperature 250
Decay Factor 0.999
Initial K-medians guess:

[[array([ 205.77551938]), array([ 592.27474325])], [array([ 892.17442487]), array([ 202.70044045])], [array([ 85.22081576]), array([ 672.32399474])], [array([ 337.15673231]), array([ 590.79113284])], [array([ 179.34828073]), array([ 510.96325288])], [array([ 632.25089838]), array([ 372.57373809])], [array([ 432.28704291]), array([ 562.91985687])]]
Initial assignment cost (average distance from a point to the closest candidate median):

125.966791423
126.563213315
128.802091381
124.939563612
122.529043866
128.383783498
128.663130905
131.268837814
132.057884761
131.865289051
135.734113177
127.668238189
125.130338426
127.906941736
117.695285341
116.896437625
116.38706415
114.419476196
113.07910784
108.444995623
120.076957972
118.047524294
118.07144066
123.329752159
118.581878115
115.404509386
111.73659204
115.919973633
113.03759149
125.22498435
138.068959278
140.498913055
136.032011255
142.301255247
137.998272835
137.151007428
137.186161421
137.214891089
137.998933484
138.23139881
125.170477842
133.154444682
130.396281817
131.801486388
130.407426857
134.72562866
123.384172072
120.629369916
113.982495379
130.182839691
134.431513142
129.645879683
133.895176402
142.579366169
148.68070421
143.471602814
137.108903054
123.16914615
124.235702635
115.922693015
116.314086579
122.986238364
118.513169308
116.116317218
113.64370806
118.034821552
110.210748787
111.350355595
120.867225723
123.629841509
123.050545449
126.04871551
128.715639369
125.395313389
148.419472875
143.415087077
141.81885267
139.447473756
140.507174055
140.694247806
140.471277295
145.710526422
146.546757259
150.756589921
149.128040588
148.639379209
144.42537291
145.461341192
141.407507641
142.610823376
141.125827901
140.881333879
147.014698168
132.069379204
129.214687727
129.169089548
128.392006728
120.187923521
127.749151977
137.255102001
142.631435556
133.070281092
178.125866544
180.405985508
174.508428571
175.638842363
210.573143695
212.276787152
212.851944138
217.70622029
212.551609016
212.145862458
212.062182548
198.099616827
206.403873712
154.106336338
158.770375981
157.985394728
157.402760884
158.03349394
156.187433149
157.092341931
158.15032196
158.081176093
159.272329761
150.440537693
149.114969804
144.974727694
144.847672699
123.026758252
137.922667583
138.776719241
135.760716638
130.240555052
133.820094575
136.660134803
138.322695486
138.91676976
137.593494873
133.479227272
135.361913513
134.555692101
129.083818207
125.480118081
125.649590326
119.659469221
123.379308287
130.459089028
127.605538133
126.521742494
125.357196077
116.180242871
111.823233255
115.374882874
114.518946233
113.627590747
124.3470952
125.387435973
133.010034912
132.530320466
141.742343473
137.532220167
134.097706916
134.420541447
137.22922188
138.236901789
136.642299856
135.281361161
133.695076968
130.062040393
129.963711134
129.515275054
133.336049382
113.062140155
118.634061657
118.536551976
119.049076241
118.91271701
111.311803748
128.928851634
119.397385605
123.987014526
136.193230881
125.216236525
123.13642084
119.638656163
127.513886279
116.180648949
114.67687602
115.281316138
116.318070483
109.150371935
111.764567218
115.195754888
114.630825334
115.470997635
116.172733543
117.325440484
119.750855878
130.788002851
132.098590413
129.7260025
131.37026227
128.430061427
126.336582616
128.70234112
131.857772758
129.276568038
132.25856006
142.342310045
146.903393565
153.565272239
145.139108269
131.687297789
131.922999336
128.355323133
116.665277956
118.688194107
129.425628148
121.876813069
120.046175082
125.146332713
125.323104512
125.112038385
122.730979899
124.892433814
117.29190975
116.096883208
124.384628903
126.765168317
133.49959474
138.893470637
128.367558362
126.372719447
122.209463307
117.158867974
130.166847127
118.608714152
116.068354388
138.866040232
142.440939392
139.654289197
134.965589987
138.123712312
124.20030197
137.896453552
137.479762123
132.117974706
123.777374086
127.035739671
125.164763453
123.224567665
127.846258683
130.222444845
130.63762065
140.74914454
127.465589136
127.761675032
123.528199417
125.555118664
125.527191692
128.404494442
125.084831986
123.709783198
130.778289459
142.503498979
130.903011308
116.816333665
115.891134114
118.809715104
116.849323611
115.20573399
111.586035818
120.785819725
117.309857696
126.148593136
126.331115697
124.125185593
149.774834835
142.271048337
134.72532135
166.040999264
169.033451649
175.003238302
157.353867947
164.890683996
166.809211776
152.770040821
157.954889959
155.543507501
154.219618961
144.008343622
130.099834765
123.964047068
125.723677711
120.266101419
113.96240901
107.291402555
114.925910091
121.320251578
115.346482026
142.872435386
146.70565498
138.273211805
137.313891907
144.059645832
145.333509187
143.014057487
143.41339724
134.49061673
119.003699755
122.18593577
123.160348284
124.56544756
127.215474339
127.688306605
132.98371006
130.526238092
124.234937785
120.455725933
124.182374187
122.22485484
122.1317045
118.234621304
122.624102887
121.27468791
118.175926436
139.051638373
119.932899713
117.394127852
123.068729253
135.086859371
139.478552124
161.236898219
155.84176585
172.535496484
177.595787622
175.790533711
175.183218894
170.563297506
168.029431115
163.83530619
166.050772041
173.100190151
173.341231539
146.486821767
145.664677302
160.670240253
145.411648143
158.611935501
144.174927582
144.639207733
145.641138882
161.486540431
162.305531965
160.093411637
159.942577964
151.216290686
146.282954029
115.322945227
122.968303657
120.234843213
127.141861003
132.509725376
130.190632686
125.403145499
118.819278025
120.395377308
115.312147206
123.33995125
130.259351176
126.854360066
124.10311611
135.335060441
128.081045812
128.921459727
125.580230497
126.86697325
113.575900115
115.245606082
117.502510546
117.699511773
121.275455386
115.862720382
115.504570216
114.796759675
114.339649481
114.748696702
114.959606643
112.978972605
111.643852307
116.598365446
112.09227698
107.94056666
108.455360285
109.639209805
119.671028807
113.227671147
104.868823229
109.705133814
110.453157332
115.681341145
132.470302674
132.190956327
131.728166507
128.306730846
127.187472664
129.053968494
128.081478261
156.946246717
133.112606949
136.341875954
128.594675651
123.089245133
122.489700324
121.098184159
126.118202969
127.937824281
126.752132978
118.376266469
120.641482686
123.332217774
126.156293868
126.346209522
122.466440365
124.802726969
128.716719453
129.595119276
129.814813558
126.623476097
132.432242356
126.513081626
128.37916622
132.195036115
136.885587001
139.278852926
129.142222514
130.669464467
126.210159801
117.448231568
118.036287589
131.255563319
122.619393089
131.552382878
141.351933811
120.625377593
113.383106275
131.832442802
111.984358738
110.100131747
110.880328337
113.217355575
110.117982495
111.758827625
127.567982563
129.228857944
128.470439148
127.549472336
133.691479191
133.380077347
126.254836521
127.506812357
127.004128706
125.090281262
111.154530415
107.347087207
108.382926888
117.253663311
117.507899798
116.348197476
115.706452862
113.500510004
117.611340796
114.575042653
115.02322877
113.980415766
117.935722846
119.628610054
123.202834061
126.818542653
120.12973431
120.886911347
121.074447404
117.786905307
119.883761559
121.684445759
113.623966804
109.238970411
117.795427452
120.883900258
116.631913324
131.138302625
147.50000581
149.587885494
149.658052003
155.364295728
142.972255784
132.808543965
122.548067435
126.509569045
136.659723561
135.473133311
134.107488157
130.737306495
130.458427918
131.193485317
127.949411831
130.774201434
121.794429461
121.794429461
119.159864445
118.006524888
124.260227653
131.236224055
122.431105196
122.317393685
132.351970029
138.136576879
139.506943008
136.434907607
136.376860872
143.271415869
140.478576059
147.92617311
130.594537866
133.393136341
143.98382611
130.706452092
126.048263839
125.073724449
137.87618455
146.191340927
136.744979557
125.885083711
122.747365184
126.265668584
125.820717819
125.973264985
133.620537945
122.759428735
125.246364579
132.720662761
129.63796459
128.372924406
125.774396765
125.426938729
129.076424557
129.905801134
131.38121679
128.714637596
124.358647494
120.572927599
120.912749552
121.96794833
122.939361283
130.190177768
127.995066973
148.082526398
149.267081283
140.760427563
139.975366478
139.993641223
137.473541416
123.925810933
124.682496151
124.82151734
125.709586517
108.938183681
118.911901798
115.060639138
120.410187532
118.132547526
124.149443122
126.036746422
126.211972955
128.848370176
131.274975332
131.327867814
150.500367275
118.998531665
127.336532661
123.496962231
118.295136839
119.381085524
124.445396947
111.213797813
108.624009521
111.725040225
109.070195743
109.59017518
108.948826341
110.328343379
110.147458025
104.877221292
107.743649108
110.817460175
118.995441757
116.345658921
117.082588403
116.699166073
114.058892965
119.673056621
119.680961898
125.412526272
123.476543305
124.864531871
130.064299509
131.764636878
125.609078732
124.944950397
120.284425825
120.284425825
123.183099864
123.175998482
122.285503287
121.581490993
125.110067996
121.587375618
119.049377833
128.485030371
126.267041708
121.57624585
123.460075828
120.920994055
130.575501687
131.623659317
131.568949076
126.067782044
131.568949076
127.733615629
127.203033004
124.227373564
126.212766013
128.701662162
127.083579064
117.351223387
115.291810219
122.462130711
117.81125337
115.8434697
120.410451419
124.595322297
123.650620554
122.92411375
124.814959593
125.071606814
128.703331546
126.497254035
125.0202772
123.222401342
124.159450736
126.448857209
130.726770812
126.61223345
120.985437009
126.773813519
130.039584496
130.060160116
128.024808997
117.977127228
120.946113909
131.218101285
133.588518672
134.91390807
135.883851987
118.139452722
122.748189892
120.401490152
119.898543609
137.858515697
120.748349048
119.771842033
119.795154587
135.114391444
149.247109298
134.653872131
134.219371101
131.705593244
129.830229024
134.789467332
137.986333856
137.875618347
142.95990309
141.82001318
137.579349729
130.02324172
129.310191452
131.198828147
130.747704886
130.797804443
121.517753039
121.581763277
116.282389191
121.476405868
123.140891933
121.677243354
133.713658357
134.491158955
130.900773532
143.231105098
142.972616306
142.741527123
145.977487498
146.079884531
143.272017595
128.841041924
136.011163063
134.091591844
127.493890759
126.178776195
119.988534201
120.560040578
110.728810532
110.230144395
111.480997798
113.946841278
117.23292467
123.068758902
118.828013184
117.917141773
122.357768799
118.414553887
116.65440763
117.536726875
121.67083138
123.538352461
120.021136212
112.536377926
113.996972622
112.076735531
115.430033023
117.448927828
115.785572645
117.342095982
126.325298382
126.03817934
139.036539264
157.178944311
157.257196845
155.625883765
147.234016572
144.336335035
142.995226505
139.781253566
160.194297716
165.915379666
163.460825643
138.459003901
143.900986928
121.38024121
113.796173734
120.523296543
121.727490153
138.683918083
146.031569715
128.260646859
125.364146304
124.788209465
134.294498246
135.691397104
121.861653302
116.624625592
118.439434499
117.429015716
118.820462073
115.073274769
115.833539593
117.046270431
115.414258446
107.922489828
107.372232011
111.761772525
120.211845954
120.152612515
120.158329927
119.150957361
114.769913384
111.529303859
118.232650292
120.369808425
119.118992143
122.604779974
119.973907702
134.859104283
138.914227909
138.187798286
132.713562517
127.254773674
127.39425178
123.959563601
128.482367495
130.070625009
141.078458781
123.678400553
124.530421593
127.425706188
131.586073609
128.741974863
124.630870744
125.240067408
126.508100746
126.756453988
115.528773765
115.458373608
116.354142407
135.233380799
137.857020496
142.51477114
137.633877821
143.576400004
142.458810909
142.091336851
153.950782608
152.399623652
146.628809809
142.025192025
139.785431841
138.196242314
160.164829175
162.099515731
160.780773854
139.444109329
138.474336013
135.730741517
134.482475757
136.234145846
142.237510589
142.487525381
135.379170367
135.504206009
147.446991203
145.625504652
141.77985761
141.508544931
141.72146195
156.793697562
144.300728949
137.624482019
113.805075215
116.249562927
117.544376201
114.125910711
112.550127614
111.317131213
114.486723044
126.709100917
133.793494486
132.981666507
131.238600146
131.941692997
134.331915951
123.838762495
123.39676766
123.502171388
119.327429846
126.705216875
118.859277663
117.218195025
110.534955137
118.72592211
116.481887154
121.273270509
126.846244142
122.115956873
119.907696939
126.191136728
123.668312049
124.813159878
122.827017237
132.675937582
128.926949932
141.350059532
146.527932632
127.727936966
126.862441926
119.307540442
120.395743908
121.00351098
117.446469572
127.612518075
133.042718357
132.618189778
132.022219379
140.614514243
133.180954064
154.616843625
147.417756456
153.493116884
173.017950052
151.578358327
142.473701432
143.445794159
140.802019513
143.193659511
146.066784947
138.002341974
127.599362891
128.880123798
136.751294545
129.093590899
128.869808809
134.021281153
131.415802068
124.544549375
125.195208711
121.838530115
133.826292362
117.516700557
132.693190985
117.893861302
114.243242142
113.472471824
116.442399373
117.29862212
108.741665285
110.625321745
101.549990782
106.051016631
121.153737845
113.84205151
113.63654214
112.610143435
110.516891824
115.069278919
128.617768351
113.907237311
110.807091343
106.036410372
128.348034373
110.107707497
108.145758581
105.084259697
111.295855804
125.135880283
129.018131358
128.510473804
107.787829407
100.483590182
117.682093988
110.725828671
103.246667781
100.98642532
97.0101548997
99.7604857528
110.061869474
109.825551151
111.020454488
116.895523729
113.543505311
120.181590405
110.685239316
104.566148031
99.0600269116
104.457974742
106.557374179
123.079740131
123.253050785
134.844182948
107.009320323
99.8898859205
100.28569707
103.589439608
103.949427434
112.418705992
105.016582723
112.158277559
111.144139563
132.522535006
111.209647221
116.883563449
148.957427139
128.319128316
122.538202313
123.606396471
122.954846443
130.419674267
131.928757902
120.769219659
133.248767138
135.504535542
141.970301806
125.516605722
135.118316716
118.124966971
121.143401318
129.617147228
128.347922438
130.019291681
123.899814031
128.574263396
119.02094219
137.742014269
122.156432559
125.821869441
138.362859014
129.15227144
136.8113913
124.550541409
126.042900203
112.30092402
110.985885066
111.03777709
119.281707914
114.289875437
123.543747039
113.953529665
141.476985215
121.545234831
125.383881154
119.496994769
115.366950844
117.19955186
112.130383459
114.559461954
117.739874859
118.205098577
121.131372836
122.717903287
129.907589462
124.783804346
120.325745796
117.23178426
120.038201725
120.044721736
117.482361449
117.54472406
120.179311805
116.507193234
115.139789508
130.557284349
116.887806903
125.865191049
130.402059862
129.660824375
127.195299291
115.935648387
121.328152745
116.136229794
120.945775797
125.89808677
123.314621917
121.811269864
129.253153091
123.6492844
117.827802874
122.41246778
133.969623564
126.607328245
129.872741487
142.077977285
126.15697601
121.293445736
115.039427202
111.912865695
111.57150615
110.211978529
118.279962645
116.227406435
110.863026822
113.599943959
120.236405502
113.602930002
113.452103495
117.400036364
116.975315727
115.355653453
128.755296773
114.727867905
120.766450765
112.553565857
126.231520849
131.151615116
132.284599376
139.683803387
137.532952823
130.742360215
125.631577434
120.462977029
120.786543617
125.129396713
122.248923124
126.686856491
128.734083425
131.186150581
135.95648263
137.568249395
138.793881638
133.645672549
135.625678247
129.43869197
128.22279977
128.172732807
121.064265912
120.012968109
117.058053038
115.782418144
119.167150924
106.13274375
110.502944049
112.250444618
120.229364492
122.05320921
126.496114017
126.448233263
135.622719172
128.780440056
127.699517534
126.878138539
126.833873551
131.798770871
133.238873653
130.229622748
119.873491303
129.402972802
138.293366296
141.617637418
142.841188687
137.232747536
137.988860248
132.839096801
131.213385033
132.108920132
153.792540981
132.615981793
130.191434628
125.210739572
136.739369854
124.887371971
122.260231883
116.017202952
139.026991271
126.373900219
113.499290077
118.845504588
121.139104837
119.610381786
123.513564874
124.680093042
118.488430309
116.779073365
118.344792084
118.195280089
115.845743869
116.935263204
128.419163602
134.151527876
117.14081856
117.02860709
117.080007089
117.51155185
137.590231374
115.794290332
114.215126553
130.652972193
121.759701928
122.02323041
114.247046416
143.448035273
115.929415095
115.73556224
120.664625003
118.25254701
131.959894198
125.2301229
147.597139963
113.824882959
113.380688947
115.962609016
112.398008287
118.08863127
112.58444805
120.04775057
117.722691888
112.958374368
113.559123226
111.898127791
112.811111975
112.776056249
113.808560518
123.99892723
122.793711453
126.345408312
128.247192806
129.086273257
132.172474463
122.149273213
127.113770236
120.379831448
118.285868501
119.804373628
122.466070924
122.878862902
122.390756108
125.436552514
145.038608699
132.300674788
130.378208314
124.636184499
127.893753773
134.135141228
117.49655913
123.320833275
117.983350366
124.190077667
124.460247449
124.7927289
123.691182347
124.53984992
122.185958931
126.630465349
130.672028778
134.470309569
145.485814181
135.061935799
128.947962738
117.793144151
119.62543012
124.530118439
133.612597509
123.24327096
125.881642397
127.416667276
124.477467745
125.094466039
121.611727808
117.180037808
118.17419738
116.132672916
135.179013016
121.146991283
116.073449833
118.18138425
125.594206175
125.484906165
116.098509781
113.68963616
115.705112834
113.586319853
111.741858639
124.452822093
115.243325612
111.467448625
116.49463011
113.570601446
119.188964205
112.636675336
112.879927336
111.41185278
109.02258743
114.001776341
111.794954162
126.441637978
120.867295042
108.436292646
109.294628461
116.513661589
113.543671966
114.892876513
118.034309247
118.02208362
121.462005851
126.825689683
114.025469441
136.941982203
112.414364583
114.93595091
112.786610607
117.587876656
118.699590611
121.752493243
131.177033007
120.782435421
124.62602491
122.072560554
125.345136
123.061364921
131.067305661
124.636712182
125.863859864
126.796154318
107.61685852
108.289290817
108.563581169
113.257479905
113.856735352
111.432168328
113.328436364
117.800164165
112.113722825
109.133137421
108.635114934
107.763463723
106.312315525
110.874742856
114.970848863
106.383086396
112.720740965
104.470771418
104.94486027
109.379109344
111.732118778
114.859139823
116.243655743
112.640005037
114.961549041
117.173995069
115.21338124
112.855383688
111.35343333
104.285950466
118.173375768
102.853966018
103.979055914
106.796382666
115.8121292
131.937123907
135.232332062
139.963304143
113.169344707
135.503115361
127.136264251
130.690894267
133.681127293
130.624268701
151.974680421
110.907959599
130.603922702
114.54171504
115.381366989
111.855596107
137.188011608
111.532306249
120.830455314
120.018485515
131.567805244
121.884197168
122.260609082
118.210943492
122.024162773
132.022626826
136.90153116
133.402273853
136.521672533
131.128410444
135.957724408
132.656818739
134.817904205
120.199883388
120.002187721
140.453742977
120.569318754
124.84826354
120.662737668
125.222048983
125.274001774
132.708367631
125.466831955
124.697479442
117.061234162
120.908495151
126.801680578
126.973888854
130.957712841
116.860675871
120.193923252
124.568331162
115.465665539
111.361780344
126.849389575
112.638933494
111.204968572
110.890088315
115.213305472
118.061622413
118.032883554
117.28326375
140.297965595
115.359750775
120.877094977
117.251572716
118.68310925
119.372770717
118.921980863
119.271019262
117.704152808
115.537814897
114.612682949
127.928457789
133.063249695
118.062499553
126.790154007
115.757240325
115.708631252
122.295539778
122.899769692
117.45932912
117.013997475
132.758454173
115.241280285
132.418422891
126.736978046
121.685454836
130.090292835
130.967830365
119.116807636
119.63023311
119.139462658
123.774710203
118.917914518
120.182920797
119.656372003
119.258574512
116.686670266
120.879742492
124.079279767
127.898534168
128.544586675
137.163244889
137.257325451
131.064197419
128.477126552
126.934927986
118.945700393
128.62815154
118.875875473
114.357379979
121.019187538
114.373719476
120.643855032
111.427022687
111.564273181
108.658658441
104.035222928
112.152365588
107.216013008
107.782300107
110.699993526
129.650888421
119.228192134
108.111234394
110.210802068
114.634360296
119.183938209
117.574473918
113.731025229
116.264085663
113.160028937
114.327274122
116.951188989
108.52807666
117.777901521
123.602647856
117.49041775
109.133560348
109.332759212
115.444472321
127.171974866
113.632591099
110.585827331
107.037709357
105.733848893
110.709890553
109.075684048
109.325965932
109.400294232
121.250683028
110.204011016
112.504778246
110.652116114
113.138376169
107.614122549
110.034194455
118.463820488
113.674421698
118.259282443
108.919327666
110.683916871
114.35018952
98.9508824574
101.544151283
100.655388466
110.580364292
105.353228027
106.046279598
104.540654498
100.785164161
97.9164394819
108.25700246
98.5336791664
97.4527066032
121.064427467
112.655401747
100.547965835
99.0061625256
101.145988061
99.0989711092
102.574341126
103.911603663
103.529473545
121.874555573
107.21135239
107.58250185
115.922037715
110.538409083
112.46489427
108.292205375
109.166900875
104.677149701
111.424373452
107.895636855
114.243184698
115.497731033
115.929670847
112.638186036
113.973375536
112.288477458
119.673641158
128.456284879
110.044309277
111.191926628
126.88285764
113.343812174
117.071090998
114.257933161
113.690774615
121.842285035
112.804679367
138.544003934
117.109154846
123.43094061
123.864712759
121.154037285
116.695486381
118.94897362
119.077461787
127.523725566
118.308519446
120.979559747
136.083583001
121.794488572
118.888804283
119.125592591
105.949799082
105.828817492
107.583662679
104.606125354
138.94728232
114.058300201
100.278210909
108.08696895
107.115840521
101.889180283
101.984853181
111.587354063
100.996706555
108.42448595
105.817535939
118.19634023
98.7154150973
101.944508785
104.855621127
107.92827543
105.444990976
107.285683445
102.551266087
109.822468237
110.185806596
111.62432379
110.109862938
109.964059756
104.237172755
103.550726178
105.277757053
113.722552743
118.09050061
112.832897156
111.416387494
120.538334214
114.38451975
103.528956559
109.260210689
107.852413878
106.125626534
105.987616822
101.919623598
104.76544229
103.199152454
101.275842636
98.6105657947
105.807380359
105.223843356
100.990937199
98.6952415806
100.386745677
115.742320435
100.333360343
99.0735098835
114.312819072
101.24764051
112.833921161
100.807284814
101.717262429
111.775969393
102.306950095
121.524988044
103.535849459
111.443310023
109.328056454
110.111139397
105.489477006
105.395406349
103.021963942
106.333312417
101.35348692
98.4145615226
100.699371112
112.844231456
101.683907435
100.855336753
118.101178016
102.238913348
105.889831894
101.588848599
101.483278541
101.125439383
103.422427309
99.9958254386
106.848573251
104.36892298
99.9674017068
103.947399348
100.642538886
98.0536393227
99.6427730923
116.220244436
101.270198875
110.268746994
101.672620903
97.8489344384
118.286348993
104.977815406
103.706368494
108.543602776
105.357542119
105.557709778
103.324448747
103.122901224
106.868357212
108.494575678
104.555575505
108.396863266
113.932567715
107.689172966
109.972239182
105.53655648
100.125619802
107.331734779
106.230767209
102.826182304
101.993748399
107.937865341
101.972861876
100.776578311
101.850065352
109.199224493
99.2309447318
106.885326699
101.833518891
101.40081391
121.478155413
102.671016609
97.8407151897
108.806314577
102.148199558
99.7105456353
102.210818534
116.339970266
98.4157456757
116.903652575
108.023824328
103.802928977
100.988986226
107.277392754
135.431048868
104.481794042
105.514218056
104.50998953
100.846050579
99.1965196078
133.14136617
97.8517837476
100.27435207
100.434384074
100.355030481
121.769872725
101.743846459
109.363261282
100.287114574
103.587538193
101.631302347
122.917630445
99.1696551694
113.466669553
105.842773281
110.980340037
103.955680872
99.2933310888
101.901431488
99.8375663037
105.709278099
99.9941362435
104.964527092
104.996667606
98.9326380303
108.237837123
102.559548883
104.165187113
100.526736557
102.299539524
103.723055343
127.352124013
113.0515476
100.840021851
104.385670117
101.394791889
101.37241227
108.908825449
102.945511424
107.074781165
105.059893458
104.574871986
110.85767252
105.544392797
102.26050649
102.87717251
98.5218855415
100.217542684
102.902093917
99.8734555863
101.208264126
133.893195309
102.288292758
101.370060957
100.983314778
102.011006412
102.367567678
98.3803489298
97.387828616
101.745768573
106.605975653
98.4214908472
97.7071373512
97.3696181204
103.131908755
98.0688491257
108.268326547
99.2851586404
112.056008532
115.183356532
100.84612711
104.768508624
106.696465296
129.899357119
118.079501274
99.9534535909
130.423117009
100.711530595
98.7037005482
104.975721495
102.518013876
102.26187807
101.987173083
112.780696489
101.33857579
133.146249714
120.389104285
128.177528034
98.8337931156
102.093050351
106.321743801
119.274779049
98.0070379569
100.618793305
98.5462725676
101.576385206
98.0896295254
103.994710708
99.4034324886
112.29102459
101.61278278
97.9931670869
101.15149059
99.638267402
127.983433366
99.379409773
109.821952212
98.0058091332
98.5356039442
115.547294966
106.235585501
131.013338983
101.623404513
115.004236756
100.280368828
107.024551046
98.79368769
100.547011035
103.316588997
101.680947025
103.440161542
102.460911796
104.555086341
107.338896713
100.723332553
101.190683126
101.079180576
102.253122422
106.79394095
102.35431592
104.676316355
102.920369672
99.125668232
124.6861811
105.332006771
100.244576159
101.049503349
105.228278425
103.127714545
103.100905595
101.162129532
121.277172083
103.264981146
106.686182968
98.5488905934
122.020015814
106.344311357
124.591965441
100.742569792
104.277590984
100.003192083
119.269966693
98.5657067177
105.660445275
99.8000959644
106.582756937
103.781262206
100.008741379
103.167701924
100.460372826
101.0823268
99.0991193683
103.130893367
97.4485562911
105.643912131
112.98299056
103.878276712
97.4321429902
99.6983809064
98.6215225168
98.2433480594
100.440855588
97.5032464925
101.945886327
100.725432453
102.001496388
116.428371832
114.545615206
101.38563696
99.7067535929
108.426441969
98.9008982927
114.916097857
98.487913033
98.5572924674
104.021775
107.800718323
103.75099881
101.587926312
106.749111878
104.477532011
106.30727076
104.571893777
100.670757441
99.7976929912
99.2538246539
98.0401625703
99.7918931128
99.7668754287
105.630685083
100.957786001
106.202910609
98.8906817196
98.7593064713
99.6355403619
122.837841494
99.284678365
98.2266121253
98.9552461447
102.879776467
108.456345603
108.141426698
123.972357206
106.405904164
108.571490824
98.031728373
108.085485548
101.059276001
101.193383192
102.223118424
99.3199549897
100.48709374
109.620972099
102.842270298
104.548851954
100.539412154
107.076039208
101.000388386
104.33868019
103.906005514
102.389753014
103.666554638
99.8504330693
102.061463204
99.2925136671
99.9477037322
109.234120075
102.55235288
101.604476384
101.395629128
100.403694565
100.100804405
101.443978276
100.208205929
100.576914078
104.564081672
105.529709062
101.377420048
98.4362387655
100.705692255
99.4151639022
102.386276879
102.074341767
102.420771177
100.948396283
100.772337061
98.561185618
101.688198068
101.045324305
105.743708675
108.744606514
98.8389803823
108.934296046
105.524737229
97.7888618695
106.115684066
99.0156435892
103.662463645
131.065076217
100.088732817
101.243351692
103.437526322
126.319568812
97.3280654225
104.240938585
98.99868206
96.2459836678
110.200988255
102.67801539
97.9530634498
101.432165458
98.6705375821
100.905391384
98.6342255798
122.364484964
115.836078727
118.308547268
96.7454900799
102.456454611
104.227113127
96.4973416651
121.81943638
98.693338867
97.5539065607
96.6264565867
99.6966527475
98.2876110071
100.245347349
103.416034526
98.3632966727
104.969037687
109.107346016
125.972708591
100.986156724
97.7872285453
106.664198962
103.901082688
119.882923802
117.357504721
100.943200463
99.9178642574
102.070869297
102.946874853
105.37720391
99.0376563923
96.2988355154
100.49793528
107.979518888
98.4256046666
99.7974920202
99.5985146952
100.865667273
96.2245609614
96.1759673488
104.824773732
95.7442214868
111.424056841
97.4905249252
99.6917320021
110.569835116
98.3918407366
116.037251308
97.0249531957
97.1962222684
101.90428273
110.071420468
103.165567243
100.029853694
99.9359087899
94.7702830658
98.8716686708
95.5772850402
100.747423764
95.9159164436
103.853604319
98.1356859711
122.073430203
101.580918368
97.523376706
103.138337381
101.130054735
103.391344705
96.4409636617
96.3663053047
95.8948141702
98.7463516992
99.1058661543
101.660794564
97.675314514
116.586298409
99.0079002458
96.2883895418
109.877178949
100.64928817
102.999148435
114.479129424
111.662123451
97.0002076882
99.537906973
103.92346171
98.023976127
104.427985688
104.437869519
98.7811230659
103.810006929
98.6069495812
101.432435785
103.966205389
96.977911625
113.330263764
105.043476847
100.34797034
102.070849732
110.751588263
105.862701853
101.414404707
98.3937349908
100.761103376
104.987193037
107.555073509
96.6232547645
96.0127541174
112.160858303
112.796869499
94.1504097475
99.4209406197
105.793968604
97.1082436025
99.8438714393
106.636588697
99.8151466194
97.311794199
95.9948015625
98.3792987429
103.994555357
101.786616742
101.679353846
108.442634871
95.3237632178
97.6063635027
98.0554690809
99.8417737
97.9793322545
94.0934026707
99.6117596217
97.0763676677
97.2126892339
100.105342323
99.9070228265
97.0012802046
100.016823521
96.9415234066
99.3132585172
99.1686681869
99.5072391942
96.1892918013
93.5731337877
117.155154748
104.943196982
93.9799659983
101.514749832
95.3214311174
113.31258664
94.3632311649
93.8361335747
99.7462527518
103.316251316
95.3707402498
100.259451093
94.259331104
100.781637041
101.223515821
99.1855270874
98.5673910332
103.159384083
98.1604139303
97.7713835447
115.142057291
103.337196911
95.0025176357
92.2969656549
92.8779959423
97.2957592235
92.6855082305
96.6972587753
99.001163832
94.9137378565
99.0520213746
98.5994446402
110.585080495
97.1501166926
93.4279367569
93.3710634737
103.865840728
98.0163271513
92.9404346151
99.613708466
93.4598560688
99.128065607
103.966504783
97.1009473183
104.386883603
99.2877358831
99.7480565524
98.6047580521
95.2458301999
92.6552452316
103.507034159
96.9484545524
94.7153427511
96.1838763856
98.6755256671
96.6657790023
94.2863948329
105.972844781
108.249531891
98.0292894669
92.5846862755
94.1589619321
103.468451992
94.7600147246
92.7758528463
99.9553135186
97.309731116
104.121183715
96.4163005386
94.4767428948
94.9612296986
No improvement for past 150 iterations. Search stop.

Press 'q' to quit

final cost: 92.2969656549
