seed -1859
N 1250
K 7
Temperature 250
Decay Factor 0.999
Initial K-medians guess:

[[array([ 892.17442487]), array([ 202.70044045])], [array([ 156.37167505]), array([ 664.98430329])], [array([ 110.15847396]), array([ 697.72083034])], [array([ 459.23373231]), array([ 615.83637873])], [array([ 161.90902531]), array([ 770.45944323])], [array([ 74.86041274]), array([ 593.82759484])], [array([ 263.92496205]), array([ 413.39495333])]]
Initial assignment cost (average distance from a point to the closest candidate median):

141.14922036
137.59380349
132.91663328
132.367697008
134.281387706
139.228810515
154.993960949
151.985472412
153.798308388
128.044656638
125.951572951
129.01542727
132.119640606
133.219448383
139.130037115
140.906504898
138.595442006
142.190962659
145.051065629
171.392984535
166.905426662
142.616003151
141.244832724
140.395476788
145.016600568
146.400392807
144.71813867
136.804463596
143.904356186
141.617246517
121.862647613
125.443148684
126.271368388
125.117299085
124.819864002
122.629458141
122.61843203
129.218460271
132.039654705
134.153717621
131.409251518
133.825001655
130.726839827
125.839832742
127.345233283
124.648321649
121.603564914
123.706220022
115.208554431
119.358306926
122.496915313
120.855358662
119.637656832
120.70696575
120.36443604
129.263769529
125.695283432
133.306606144
133.486192468
121.880425915
120.053585104
122.530189773
112.113064634
120.734028811
137.787596309
135.744539374
134.899477253
126.347795708
120.012617816
121.932127873
128.956604713
130.933273864
129.005553951
129.439173958
124.657293205
129.914438115
133.907363171
134.743342747
136.885675053
160.759910325
153.795207365
163.505595075
159.237199932
160.329124404
160.614655196
145.943553902
154.382032947
149.906812087
141.030471495
142.23205263
128.041726442
137.378393581
122.741154333
125.387602569
130.917972274
148.731533756
152.474043072
150.127368913
137.389325546
129.517566443
129.503602206
114.068048036
114.29804511
125.602267075
130.201261259
128.83137122
140.635437612
135.67467388
121.770429076
119.706613446
114.444102042
117.306014709
119.342467989
115.928739174
115.978177448
123.012088541
141.319277418
119.116162525
139.295817216
118.467182411
114.834441428
118.598729822
121.437232868
128.772511907
135.772636603
124.124766992
117.00947101
119.846283762
114.924464059
115.766365567
126.104017843
130.332792635
128.706136483
112.090879661
125.217002978
124.007241063
122.857294773
116.830209423
118.690362837
122.39932947
127.094781098
143.60774932
141.928173171
136.449160454
154.210822922
154.704216616
153.591055214
155.84218898
203.30414997
203.868467022
208.01169172
217.269444207
216.775529431
202.86942574
220.616880606
218.604881455
215.72476561
217.564391808
215.28109027
219.24981152
180.473052621
175.895435587
132.672542054
127.359943414
127.139607851
138.085103741
149.469378317
194.308686688
176.634964351
183.684308013
183.535446901
176.464025963
197.136340219
175.807894441
140.186896571
127.206534326
127.819118951
144.017239948
136.812275801
120.647457006
115.974697984
117.602680649
122.997449216
109.026424256
110.703319877
107.616462341
109.659850837
134.422863795
144.760759626
157.779252725
154.22488432
153.883640145
155.081422053
163.363115749
120.586102036
115.610829828
117.612070782
112.490360767
112.73377968
113.099534441
113.115830337
136.680525687
134.231958828
125.316754175
122.220719223
121.929717278
129.348922546
125.97013281
111.792553537
116.415865857
117.460591078
117.207800547
110.229905849
111.129024532
110.243051524
107.50034548
109.795388491
119.83273266
105.634548722
108.625821799
123.242953368
124.917888122
126.613832171
124.670912451
122.255898562
120.056316219
122.398839902
124.578793995
124.237425365
118.996422783
120.306567216
130.191950633
130.867120357
127.32463747
126.381740447
129.724265258
139.804786547
137.596005896
142.866912947
144.369079903
144.308879703
142.11941702
151.391511569
153.933035054
153.108566344
152.97389652
151.807376099
151.741909099
151.73449867
118.220811289
119.175406027
148.878826499
120.294249911
119.580233391
123.703416724
135.282528496
133.084997193
136.131462667
141.241811564
147.218458746
147.693757722
149.562297997
135.012296967
142.388499753
141.898185292
140.177481557
135.546084665
132.901613878
133.121142267
134.932020059
127.120550043
123.062491273
129.254352958
122.831570824
118.874486338
116.50972849
117.437628023
123.154051587
124.170645039
118.915635745
122.982494703
141.52147049
153.871915532
152.199784231
151.557060254
148.773085508
158.458020565
158.12092778
157.346742693
158.897947983
155.020856082
157.435949571
162.113820284
160.948756587
158.501762523
162.856289387
149.391217216
148.354720786
163.971368068
157.530817328
161.174058502
161.134683366
165.856703835
170.379358664
167.78098249
167.290352723
168.980513015
172.346070786
169.375967756
167.230585474
167.7357484
152.499978884
152.188594745
151.27178631
152.115500722
151.185164475
156.15949277
153.813457975
154.230486884
151.07340088
132.325995914
147.306350576
131.984973072
121.358067715
123.705721659
138.155546311
125.994938479
128.948829011
137.438367426
135.814505205
132.671062005
147.331778689
143.660377978
145.5604584
146.453593168
145.158060272
144.317887535
148.772940261
150.359280837
158.82225345
142.987301386
150.897758024
168.15035664
166.344741164
140.064455314
137.827957126
143.912497292
141.826146298
138.594935272
167.082103437
154.729991208
135.146963725
124.066329892
123.582159432
126.845865766
128.108498533
140.392344276
138.540901476
122.807458102
116.985311218
118.702931772
119.431438543
117.919316023
135.003961611
125.160855693
123.59532768
125.321355788
138.724459967
146.175144265
140.674270421
139.570997458
139.829800439
128.949341143
156.986492379
136.093436299
141.951676664
143.216665633
135.186461057
135.025156054
124.067027796
118.36536408
119.484628233
119.546495021
125.080297951
131.146953372
125.814904435
125.788029893
125.185818693
122.692239187
117.183674772
135.857788081
118.043779378
125.59287008
127.654812014
129.237297913
127.887093215
156.021955282
152.234962216
146.041309348
127.333566662
127.25168579
165.157057514
154.175979479
154.477073759
157.596521598
157.939183535
164.539585369
165.285946979
140.855745845
127.075666903
124.569246029
125.823579711
129.837420654
129.275786397
141.443261138
135.680939095
131.921782046
131.972201232
131.815173282
130.773143854
134.168009137
130.705501482
132.945532456
129.580802805
133.179097705
135.863402811
136.399767735
182.591883368
132.629320401
135.324535974
135.0571033
136.342799793
126.733309972
120.686556093
114.156149605
121.879645428
123.21221702
120.102133826
116.844634468
116.08598312
135.992028275
141.405601442
116.915423714
116.382524082
114.059128411
114.048324044
116.544831156
110.153828018
112.178085151
114.459015669
123.312872433
121.50036953
120.652724757
117.81344779
109.598730335
105.157961786
117.77461792
127.857861986
121.633655465
121.460953949
121.120593485
121.973526812
122.17033916
118.79207141
120.216361131
113.946261515
110.248473352
136.952312552
129.259894683
132.583460604
130.063534832
131.214530117
125.408008853
124.500730803
129.514937356
133.099322946
123.474088077
121.644940674
121.803519166
124.345871513
125.914495438
131.27538429
133.252288254
141.093550431
138.088357009
132.056066109
124.618897083
118.944458208
120.235116525
136.804549874
127.93816916
126.931897927
137.10330849
150.069244691
150.051667288
148.139513934
143.543014141
188.358123917
143.945279526
149.660556414
199.455084443
150.279278003
131.931099708
129.876563998
132.922471014
132.974778209
137.168708336
137.519263516
135.371738296
132.643652882
148.663474536
128.944290143
125.414551455
130.014733701
124.456906138
125.830283338
146.451284819
141.028316591
125.686564604
134.85355203
142.685047926
134.498300819
122.032973452
121.990437524
130.812674219
135.308972942
125.162243354
126.396777886
144.681010616
142.090332264
136.752814672
138.247902534
137.704254979
139.668162972
141.285544751
137.282696683
126.674689201
140.066556889
121.42705012
120.890597314
136.234865696
125.810512004
132.464706403
131.956168372
144.495661945
134.47878313
136.772656423
133.8843831
144.871483774
145.017913327
158.054964399
161.700525782
160.800353258
162.159446358
162.014318303
170.285129171
162.766899014
155.026756571
154.830468436
153.762636592
157.099398984
167.877998634
147.710992075
130.809303856
122.55496505
117.447382082
129.749024646
153.965958395
127.412609069
128.509977942
117.120482031
109.842906085
113.867263811
108.518345003
109.841426733
110.267467289
109.631926535
108.369450906
108.674593513
109.980829593
113.727634409
112.804802502
124.139792344
133.915371808
108.977977789
112.22059984
115.38567273
126.861652271
128.757402488
130.052321492
130.098214307
126.347302663
126.792072762
126.188839348
127.6484486
122.651190858
120.676556567
119.736785986
125.985773915
132.935244086
139.261947985
126.232216359
133.690287129
132.839913589
122.55920451
133.030550572
129.393415882
125.835904115
121.382470866
122.357922794
131.373020745
118.365014884
123.727325399
129.043310426
129.423565045
121.625961518
119.863765742
130.074173536
129.771536103
122.252606818
135.90798536
121.509669858
121.814399619
124.0758137
124.880678887
124.448205552
124.799735717
134.260658418
133.498648042
131.78773687
134.836057617
134.836057617
131.938285467
141.928517045
136.145657446
137.763869829
138.263915173
136.671141313
137.401740478
146.074620502
144.587420981
131.650496542
117.254121415
116.153721475
132.406165277
123.365563329
126.097306735
131.251408134
134.864527321
132.43475293
130.160194337
124.860253862
125.747882887
132.616701298
133.209203146
123.638691494
124.704665633
121.945305923
120.64787705
119.662533843
119.125182286
115.31058139
116.745751765
126.597968555
148.657446442
126.44123141
124.151992592
124.939434779
120.130420586
122.243631142
109.620409038
109.78041048
110.937017749
109.327705421
108.888712564
115.317660604
115.840587936
135.472165915
114.189419003
114.196828049
114.604879295
114.077709783
118.499065556
123.787049563
117.405123549
116.33920308
117.570611458
121.347916089
124.595976555
127.153953055
123.351586779
118.293995906
119.961674594
126.92430143
117.160203235
123.198384529
123.967662104
124.722825528
125.052321386
131.821179136
126.04132579
132.900264221
135.242849838
141.139587788
140.143684648
139.755628838
144.227529413
138.648047939
137.988644558
122.706611045
126.997885806
129.08445401
130.600012974
154.205907576
131.975962174
127.240363898
126.298954167
122.354888407
118.215692608
128.324890146
125.112096049
121.020696282
109.033630331
109.584519657
108.982700643
118.44037365
122.316405558
121.765812411
123.521397223
120.339216388
129.649144346
123.193372115
131.232783838
119.723618194
119.143020359
122.316664796
119.57012176
120.008350687
130.307638236
113.543508091
136.180203241
138.62920341
139.682825149
133.344164049
130.946905077
133.403519165
134.808659861
134.932365315
136.397935635
130.842103263
131.430103462
128.359146969
132.41569239
132.568631831
139.73447914
131.3289981
109.406958147
124.14260143
117.363503529
122.860728787
126.694284468
127.659620867
126.009028558
123.532788813
121.834901184
131.106875334
128.8406632
128.757898036
129.867352818
121.50897806
125.717934239
113.458572097
124.970555676
113.679592945
112.563632843
111.270051114
112.825066427
112.024942025
114.949479767
127.738757186
133.837319199
119.551389506
124.935456026
122.015287449
119.347280997
122.132639081
123.755797325
128.910369133
124.835743571
126.74930293
125.33796828
126.559042607
123.118384859
124.074395441
122.234056013
126.269323325
121.898633211
120.678133241
133.72262464
138.609584299
134.852491865
132.151759896
128.308761332
131.100893216
124.18905575
122.790984809
122.512470303
121.768295656
122.175176128
127.917013363
123.227461832
142.281517217
131.21850457
131.679710551
139.402026467
139.402026467
135.726605205
134.28618534
136.636642113
138.520088893
138.326895076
140.700425182
129.636311529
123.165504442
119.352544449
121.527211945
132.377037728
127.122681613
118.826732295
119.589285869
120.074364576
119.891594554
117.45950461
132.064278649
124.781691279
135.132014068
145.414998778
142.758309343
141.594647782
135.555705769
136.964151159
129.639706885
127.427919067
126.782660204
126.193153006
121.884301065
122.85874261
160.571333657
126.062628642
125.386433312
124.656781169
125.5196889
127.6092272
127.190016557
148.542646092
156.39590952
156.055959982
149.869625328
145.067116808
144.244093369
110.342095987
112.039823539
111.247181395
107.176947154
106.844705456
113.532954298
104.127271361
119.482799666
110.173571543
110.883075682
105.749339824
112.815833946
103.800440321
104.374375395
103.470994554
105.067462754
106.835740969
104.433160509
105.694669715
104.779263117
107.169062641
103.128907835
134.252526547
112.918490342
117.386487744
114.81537382
121.545045109
123.662893057
125.407102646
130.648447348
120.002152753
121.167643913
124.591530818
121.491788103
114.426578409
137.81041425
120.383820117
111.676367445
111.314074712
112.40918841
123.056894557
122.718735266
125.009411078
115.025712044
115.816341555
132.909259584
131.287500464
134.372193056
146.516289031
132.794240946
131.933057927
152.95775366
137.212935782
132.69955998
132.301114252
132.710150801
137.798647237
143.218365217
145.002610635
131.450987343
128.898832915
128.371216747
127.457139156
126.825012583
127.90919031
128.445607657
133.804780624
132.530819511
145.369311919
136.589783878
155.393159174
150.266085885
147.057197472
151.73196725
144.105643831
146.71557867
148.423490661
148.419279539
151.812373037
154.372441149
160.832821214
172.307412226
149.693325342
151.200403545
142.443388968
142.061409914
131.120742201
130.973419736
139.638931345
134.06549541
131.814777002
146.914559866
129.692058602
130.855004806
133.383663282
131.727851875
138.954840936
111.79495859
116.519321414
131.138086118
115.824547567
121.680971462
121.298151155
122.333980082
136.269884374
122.512229855
120.284813692
118.133905301
108.944325283
110.880314848
110.424632091
117.557251055
117.086985138
117.496012972
113.396738274
114.862451116
117.057124185
114.086748201
116.255594077
121.981205467
114.791145396
112.810514008
117.71799868
118.77016667
117.394408688
112.022869827
114.95503807
113.997505209
125.029291006
112.649589686
106.661298213
103.350151083
114.688558331
120.532909666
112.737148875
109.250002673
111.395030247
110.03232729
114.588265085
114.500849675
110.772064664
109.77124805
110.866105144
105.238637115
126.732324471
106.904990534
109.395290094
105.355169348
104.642874677
113.098915985
113.60172484
109.874882793
121.731137929
117.538266074
120.56298367
117.807150828
115.457474765
110.629114929
107.57921368
113.281145908
117.436167613
139.026091846
123.409583654
119.867676078
122.842603617
124.089555365
124.190764929
119.585858485
113.357484546
113.215720755
122.24850951
109.662964878
108.75223078
108.620689503
110.079253463
108.132328053
107.980371006
106.722166216
143.070576792
111.717214971
115.851938442
120.890092719
111.299412942
113.870627018
114.957031484
111.714697288
123.114246788
108.354392839
110.528899282
120.464612339
111.543995615
108.688052151
107.034160449
108.303399077
111.253306597
107.805389931
106.398378795
108.079493425
110.411922219
119.140730555
118.052745721
117.712518412
117.05390971
120.304708266
115.331023844
120.592127691
118.751582086
120.59544374
117.304182531
110.335320139
117.747695874
109.539879863
114.176810237
123.371547102
115.28236444
116.71755011
133.121714645
117.213439496
114.087727803
117.814024839
119.340376423
114.198142725
120.235164256
135.41571011
139.554653789
136.593853499
134.821204558
141.540911489
136.281677198
137.552198307
127.242448266
117.397110166
114.981114546
115.958752908
111.337762864
108.851702333
106.505360121
105.718742723
110.338307338
115.087797697
123.34296134
110.146819626
111.599896441
112.155732712
119.756472068
124.788435476
123.023059402
139.04215666
127.211201207
167.586378069
125.758441945
117.796843159
121.817349277
124.771748377
112.044306917
123.32623471
151.881501827
117.282595038
111.546861626
109.485057342
111.187754901
108.797503337
110.173453808
122.083246417
123.87926567
130.190103109
123.442221872
112.815516433
112.76969013
115.404652346
115.902481227
116.981585201
111.402962552
106.357726876
132.479183588
115.702643303
105.955852913
105.233768564
131.350595375
112.518639816
107.418264469
126.075641415
105.991417529
130.676817661
114.77687948
125.253065233
105.678149299
107.259087801
106.529187797
109.253765438
108.170791261
118.631669753
116.95809851
104.006432303
123.006899931
120.770024
131.882033747
102.858070375
102.476587229
103.2578033
107.769306946
111.345265327
108.43684733
109.822849052
126.840724862
134.054657938
111.356713452
112.957609961
109.697764669
133.161015656
111.641272282
110.798795495
111.088362113
146.095427439
134.983166783
111.668001837
126.869454505
114.124075556
114.443547096
115.655855708
110.69546944
103.552753453
107.54328975
104.885816374
107.748037077
109.038309997
109.40083423
106.610181528
124.753245214
118.67806386
117.070381018
120.222267933
120.631701109
112.141283269
116.203803256
124.291829825
120.063315192
118.669117665
119.530982702
122.726989992
121.499507251
118.079403428
122.790748927
118.528604863
119.795916591
117.732783548
131.291947259
107.534122806
121.932356267
108.692785988
115.522188706
117.936997995
132.807750622
115.20024285
119.641506828
111.196760147
112.340862321
112.984075441
112.404219041
112.499822511
118.246516133
124.274236809
112.659209595
116.044573016
116.23404059
127.522053714
119.362244302
108.986098593
148.266604726
108.331333368
111.883445376
114.22457403
106.86736864
108.710275926
109.764679518
109.110180348
111.789244601
117.612549843
119.815955854
138.659530258
114.655309358
110.03581586
105.965837995
118.087693111
104.420366848
128.501357239
103.426043853
102.052442905
105.209018465
107.048769298
105.255364957
123.395202059
109.403520839
114.97181979
149.336878797
111.495025832
111.152163331
117.85928669
109.253888951
131.947000428
107.498445281
109.467142825
140.73232018
108.237923755
104.372377443
104.760396509
114.189665049
112.56788985
103.45266358
102.538021575
104.480048372
103.87271244
103.594163545
113.483152105
145.465086771
105.217232326
117.291935229
106.539395047
107.892810737
111.954150651
109.217905925
111.3415243
108.844074305
105.813235529
104.121646698
141.275453888
106.279916422
109.614514043
108.292151048
106.647173431
107.134306681
111.476315372
121.427752517
109.623252459
106.546916041
109.225346244
107.135666736
102.313895203
102.969230502
124.701792219
102.419645064
105.961050335
101.361799846
106.961359216
129.986262587
99.9136648799
133.027284523
99.9024333564
111.74218248
103.05268892
100.536628655
102.0634436
104.709056811
125.643811982
103.399311205
101.987859764
104.882530465
122.213821893
123.346453126
107.938382494
107.813258408
117.566750415
115.068590619
115.121503707
122.699303128
108.682010634
133.398725305
119.359121467
103.077963079
127.266922784
109.226437076
108.994376321
101.361389361
108.700709891
123.143800462
110.005759375
117.308094145
102.642042113
105.934091536
110.110400335
106.367102578
108.189893268
107.918745577
127.876030576
113.968882796
135.970323694
109.384380267
109.135329398
115.528274621
114.144960683
108.309975831
113.708620317
109.296283437
109.008549432
109.818034728
109.144131614
110.32452805
115.439323824
108.729222507
112.198723933
118.295560063
108.845012544
119.170707888
114.785665464
121.009088349
112.081569679
120.110274512
112.371377208
127.468104726
110.394630384
113.119578758
115.746328229
109.496340959
102.205720532
100.029126889
110.232129238
109.146664284
107.224201367
98.8297962058
110.122516204
117.336075436
104.989260613
106.716858402
116.388696341
107.826937782
105.352911853
113.493919848
118.541690265
112.062555618
107.897884142
108.656938972
109.821264468
145.126113543
106.577166021
123.103034623
106.87698604
101.721527521
100.273296231
139.24448249
101.250383058
106.907063495
104.881830057
100.687208897
100.456443137
114.846685553
112.467281165
99.8266044136
100.322303843
114.613147396
104.353060277
107.05958063
108.491443177
103.215760462
108.687779297
106.639447729
108.633523864
115.402747395
114.089088167
123.541083963
102.11141071
99.5648864809
99.2863686776
107.416166487
111.106742607
106.688010264
103.559814051
96.936290015
118.892080707
96.8212641674
110.729741078
97.2467592758
103.193135259
97.5587519195
103.726310832
103.373620179
101.318906239
112.106031305
102.418283213
107.368877137
123.40263705
105.201491947
107.453535542
111.06538026
104.728062028
107.410739584
113.411034345
104.507019933
105.618075378
101.613858288
106.385637948
103.367264812
113.181375194
112.036588956
104.173572551
107.027270924
114.496879244
125.964131073
121.365862649
103.163862734
110.981265064
104.248042277
105.28633968
105.81769497
106.882902563
112.534616566
106.23818346
104.90686187
104.749339085
106.019630228
115.471960381
105.029567773
108.275826753
108.06658099
108.706645178
107.810169497
104.59997408
103.097310732
128.451130345
103.006339547
112.832896512
117.818916365
114.153397012
115.995703079
116.835484093
131.546205724
118.82182927
118.062395517
117.929726776
117.393000158
116.34642934
118.147174768
119.695409115
122.940774977
123.296306636
122.521358636
122.984867519
123.879806038
125.690368405
127.117138841
124.514347529
121.260028957
109.580432742
127.681417
108.510279671
130.750075818
109.064956417
110.833216184
114.740524027
113.573517882
112.552255829
113.568528825
114.963574829
133.837973208
125.625966847
126.064405723
115.47279464
116.003000054
117.265328716
122.435319142
118.589245156
133.363798629
117.81306387
118.857719259
124.411278757
116.012243352
116.922390953
125.645107203
117.611646478
117.386461171
112.126549
115.728282704
111.703184201
111.609065531
111.171427612
117.332644536
111.808161277
122.229136782
114.10990835
115.535113468
108.448115332
114.829508599
111.878067166
112.894292617
113.60579357
111.756616015
112.826729945
109.051663499
111.44529682
126.485950565
128.239994181
116.683750737
115.062207769
112.491600035
102.158028781
105.07579291
106.353867582
105.726878927
105.895503995
116.215217087
113.513970798
104.513710982
109.165548296
105.331772803
104.155770126
107.820990028
110.307130041
122.029426797
119.954401672
103.98110297
105.874095402
104.690432403
121.824709765
129.29094701
108.272970689
105.428389117
103.681198265
104.372537881
109.164638717
113.591451022
140.09413114
117.118866563
118.114415837
118.842049169
128.741481796
109.018260675
108.843676635
106.990516752
109.319466977
108.464622179
110.160055786
104.476136828
105.035592631
111.325218232
123.832504834
106.655647118
115.937760174
112.310220333
122.496128154
102.320584917
119.741180495
121.925261503
105.428324881
123.204868465
117.233404676
102.518085583
102.253626588
107.18991744
110.728300359
103.575818455
124.598488741
123.636169612
116.172442625
113.650303098
105.793105491
116.167815738
105.359327377
126.739061852
105.234302378
115.498327297
102.081332767
116.825279746
105.040809506
105.967562601
104.737991942
105.679508928
117.331259734
101.757507437
108.586271009
102.853228838
121.094801535
103.309395446
101.621699718
117.557490073
103.765477146
115.247583588
100.424960996
100.571864872
101.308975162
110.828648773
98.1793174106
99.3866883094
98.1793174106
98.7525815515
99.7028924902
100.944397692
105.025431945
102.867922885
100.636550277
117.653971512
102.046820279
98.5220754086
99.0875368117
101.479329029
115.64731373
97.3437867687
98.3382229371
106.591940363
110.18196338
102.811025875
98.9618437872
114.928217014
98.1667787573
115.478168053
111.214188523
101.781434641
119.026461178
97.3919355769
99.6990000915
105.525333642
98.260055895
111.42328951
109.029385303
105.603629563
101.552148719
98.4546115457
107.578401018
99.8607610022
120.656331626
100.857834597
107.423858722
97.3971191326
104.094820247
110.287158292
112.94279706
105.05228432
112.216537939
101.695291169
99.2776711252
100.1544814
105.117019204
110.499399089
98.0259262864
117.281219753
99.2322662342
98.2128206377
100.816758631
109.333184273
100.553139298
102.063510716
99.7103115522
107.009013972
103.334593443
105.907068272
99.8187163477
100.702842899
99.2380033109
105.565173973
108.817047923
95.2931586006
100.537951469
100.004583943
104.051897376
96.0801655481
106.745574459
97.5580090089
101.946971105
98.6725426733
106.633430176
100.373570586
95.9170711464
103.01955159
98.576442764
101.957336533
101.928914627
109.823027787
95.491734868
103.918597989
102.978479805
104.820679709
98.7509715983
106.380923154
104.5801877
126.864714459
100.521259008
98.4003097709
114.597033624
98.1675343846
120.461733805
98.0173206114
96.484371104
105.406897881
101.745278119
96.324117963
96.2851795268
99.1558263614
95.524378006
98.2260331253
95.4324655957
96.5044383165
103.213045488
99.5508493929
102.88346265
96.486616387
100.399192342
99.5212789886
99.2312861618
99.5034899276
105.321163703
97.968047714
104.265330411
95.3773451888
96.5154175456
98.5300476446
97.1103853276
97.8649015724
94.2853784795
98.5037417183
95.0897725698
106.262074738
96.0693306709
95.0300544468
100.925218424
105.267129387
99.6453572205
123.955280986
102.643353555
105.847312909
96.482718657
123.736532424
99.2567286971
101.501630034
95.1280798422
96.3356081657
94.7070313915
94.8007939808
100.462078846
96.2003129134
119.842152421
96.7414695279
97.1494161666
97.3485944502
96.9586899848
96.745407815
115.69561181
97.5744557591
100.160781079
95.603253412
95.8451277183
99.9598777644
95.5149286595
94.5292697531
96.6044320232
93.8924685472
94.9844352565
99.2864791367
99.7814144971
95.4000546841
95.2933844085
96.5851482413
96.4869165906
95.6422271708
113.403297671
111.264052083
100.266406572
102.611722608
95.7250683094
97.9122147836
98.3999715223
97.6450836852
94.8152970396
109.054134104
96.0119625912
97.881266276
97.2052334895
98.7103891153
94.8547970726
97.358661667
98.1242661367
103.179660539
102.534337996
120.047340048
100.094687625
100.73392085
99.6433498079
100.218620956
104.782947086
113.405288838
101.422257505
104.161657133
111.369450637
107.087802766
101.973247804
115.857326029
103.313266205
104.536122073
111.316079556
100.148310136
99.7260217006
110.812551738
110.273769458
101.916358189
111.651109531
100.753674554
100.868457935
100.717450422
106.115264758
119.198094434
99.7644333375
101.370924057
110.552395909
103.916679722
103.262398533
103.996718672
107.800347625
97.4771974452
98.311929421
97.0014634119
105.790599237
101.794877993
102.380212307
106.303223212
96.1411810164
101.230465511
98.052527808
93.9008838929
105.313266083
101.301235142
101.186809541
95.2686378996
93.6542458932
99.7548736922
102.028717213
97.6274797781
99.4033314108
101.648259746
100.145649626
93.7977999304
93.5223505125
96.9512747086
96.3266035768
97.6169792361
99.116588158
112.754706462
99.7293410457
101.027779526
93.2248707664
93.3575213065
107.112223945
106.276397474
98.9878671005
93.5419369271
100.120655496
99.8235766094
115.819294314
97.0256158436
98.0383017537
94.2022105768
95.2783636658
99.0730691817
95.2726653344
113.562163683
98.2047835171
97.6403483648
93.2030417753
115.546940598
110.515952888
96.4864354897
96.0767424382
116.446905013
92.9158992474
115.116014353
100.705317
92.2700971842
92.7525704589
93.891680044
101.377134094
97.6029760355
92.4287109016
92.6730490607
93.6349170296
92.4122931848
98.1839636574
94.4446187939
118.79212611
97.1720412176
95.0714539528
92.7916201499
97.7311368381
92.8338304844
93.2947834766
97.7150380583
105.823014518
98.401999103
106.503424047
96.9049147746
103.818487696
95.2612474753
112.546046805
99.6080852243
121.045911104
99.2683996801
98.3019057744
94.3409919783
93.4711524953
117.395198654
122.236007032
95.4618112179
95.1094264422
100.130523753
93.8504794605
102.813051054
123.117930096
96.3838692182
99.5035094703
113.750443392
114.672998598
107.007062356
98.8311516356
98.8737985587
103.614860995
94.6666918146
97.6244022445
112.50570922
95.218670053
103.945738188
109.869363301
97.9943388551
106.90699996
95.4541010505
98.1419139078
101.538938403
93.945121692
101.491703977
105.345388447
119.596463396
118.717998544
103.415595927
94.2748810505
119.002963869
95.9772794558
97.2553709948
102.461407005
93.9132006299
107.730650517
99.3074520683
99.2033190103
99.5294635248
94.4611814813
95.3300173921
97.4897966193
118.13599175
99.0053538038
119.316199839
94.5732068299
115.6495845
107.730650517
100.40942985
102.101869706
102.143754234
98.0625352868
98.3126629902
108.980315003
101.989274159
108.056636789
106.063877082
117.539350873
115.510263563
98.8291864299
93.9132006299
107.644680651
107.463767159
103.581025763
97.7288170399
108.056636789
97.6734968314
100.934443998
101.782098296
116.245683855
93.8595897256
96.6557531321
97.8708945825
103.837821134
98.2628788092
95.5391657803
100.48065249
98.7275916003
100.013128581
94.4041042872
97.6619297312
95.8199880998
108.093129499
96.2782706195
116.765445199
121.388197374
95.4327604904
93.7899689537
95.5156341804
98.6755955643
93.7899689537
94.4740626979
96.5566451052
101.783124945
94.49952745
97.8002724807
97.464610501
98.5737299425
95.3219906021
94.9526531352
99.2174797925
94.2508751617
107.308722456
107.997215374
98.0342483894
97.1501091694
96.4278342642
97.6820114253
120.085421198
96.6841019411
100.162019536
94.4549885532
107.056082979
97.0858537761
95.0607908988
102.80053005
93.9825304239
99.0183514589
99.8277269948
102.520662686
94.4429946853
98.5541102674
98.1531791896
100.973169176
100.033234863
94.4429946853
101.72659647
96.3869632306
102.148652306
94.903025944
98.8681688871
98.3915379962
99.1735935521
97.2251313655
104.510812182
99.5311799447
106.199580811
98.8141729752
96.8027506964
110.062734729
93.789106511
98.7380018272
116.102559348
107.523574009
102.032403085
99.2499458843
100.375526152
94.5165405598
107.469758665
96.6114476599
95.4957894797
98.2638597475
94.550610796
95.8107997855
98.3020599452
97.9385458761
94.527800818
96.4172589537
109.40265152
97.0344279546
99.0548374637
97.4462113895
100.259550054
102.391076602
98.4645778158
98.4549023581
97.3593002635
94.4723676058
93.3851254789
97.070855183
119.412820308
115.67525828
97.0949836981
92.9692950829
105.445537926
92.3029739759
98.8015546712
95.2783294529
98.4985918963
105.95502602
98.5783789388
96.8976000932
94.8799413002
96.4914059858
96.7560881863
105.679638352
114.132216822
102.601364329
94.1640214778
92.7997357855
95.0100652363
98.1451322418
98.1358288113
116.697894773
93.2786626639
96.6021285193
105.73737279
98.324510725
94.0075689961
99.4980849639
99.7718796648
97.5047804136
93.7565775142
99.981583257
93.9106073845
94.6665789963
105.276015445
97.576797234
100.371926358
95.43053036
98.9944989757
92.288209045
93.0567082421
95.2633385555
97.1195632611
92.547723604
94.7414096073
101.731905197
95.0803261201
117.168119722
94.9799155292
99.5243240765
97.8962615916
97.826079928
99.1219704917
99.6412082014
99.8527795109
94.0521171736
96.0885448344
116.248534426
112.161411323
94.233245051
95.4151148803
103.178886107
104.489218902
92.9971312799
92.2977287753
104.292501608
95.7657076401
97.60218235
92.5567800915
96.8014596287
113.219942023
97.0600269946
104.421026912
97.7128987613
96.5880765066
92.4252427113
121.94723663
95.9684861104
97.5421525775
97.1267078139
102.063757534
93.4480388161
105.348356029
100.385917786
94.5536733142
97.3905504898
114.819090891
92.7954262649
95.638999581
95.609408182
99.7730740248
94.7284083168
96.3918986081
105.018919322
96.5251968084
96.2482021535
106.892338787
97.7118642242
93.6563308139
106.623075992
94.7858971672
95.9508173598
104.565507862
95.4262925957
96.876235335
103.825388786
92.5245693671
94.2859509212
96.3797976138
97.7417594956
109.587224817
119.372605545
97.0032582263
98.355978445
112.639187689
100.926879473
96.4058448209
95.15386148
95.8637930648
93.0234642735
97.5780708569
103.251292997
97.5850802958
105.701577019
105.619859474
102.557925993
95.0394872604
94.1350072963
92.1727976928
117.632352647
113.06477657
96.0278395477
93.0259334992
98.4259394956
94.4651464335
99.5105558043
99.6183245603
100.355735398
92.4022779014
92.0195757369
99.1251042781
111.669759746
94.1842429792
95.6530445662
98.7261378366
99.358150355
110.952057092
97.5750539901
99.2445059348
95.1835919784
99.2127293465
98.5540175395
98.3108301233
107.359058873
97.3906074189
95.4918108946
92.5616337956
97.1294932121
104.691086432
93.2435925766
98.1418311414
92.4886804447
98.3186244001
96.517070114
95.4833489112
93.9450846882
97.7246343484
92.0893476015
100.474205545
103.053336859
95.7101319541
96.6033893241
98.1416911856
96.0321705024
95.6733849865
98.7811986441
112.409906248
93.829119539
102.166236852
98.4294393481
111.465964801
110.71867029
102.640807043
95.0964314453
100.980483519
93.9056785978
92.9037578641
92.2418173819
94.1937966686
103.614708294
95.9481649928
95.1165985398
117.999145087
97.301444884
97.3481883174
92.896067192
97.5801822338
93.0529994572
102.140657126
94.3321140399
103.729919751
95.6836409769
95.0521231061
92.8264838868
102.603352406
99.6569896946
100.847521189
96.8567153471
95.2485356861
99.5708369012
96.662428671
107.49488562
98.3803371489
97.4206133312
95.1783097745
93.1678693527
92.8239845747
111.230369078
112.515594502
92.2155675974
92.3119016411
93.0805435373
97.4715157916
95.523303048
101.704667073
101.194032372
99.3506152884
94.7358318064
95.7741512726
102.065646503
106.573405234
100.383259105
111.696955992
101.666875354
103.373640036
96.2231874749
100.80886313
92.2155675974
105.387722249
102.555026269
94.4816639884
103.881548567
99.2009622262
96.4523795495
103.69269354
94.641542601
103.947440728
93.463595036
102.773097346
103.272183215
92.5435138785
102.895494499
93.1343845821
104.596236942
92.4317485325
93.1029644038
No improvement for past 150 iterations. Search stop.

Press 'q' to quit

final cost: 92.2155675974
