seed -4278
N 1250
K 7
Temperature 250
Decay Factor 0.999
Initial K-medians guess:

[[array([ 298.58538241]), array([ 428.69336006])], [array([ 560.90692499]), array([ 528.33669989])], [array([ 263.41493279]), array([ 316.79112552])], [array([ 709.34173236]), array([ 142.21042828])], [array([ 278.64962109]), array([ 549.88171588])], [array([ 242.26682731]), array([ 292.56164995])], [array([ 134.48884538]), array([ 606.79411128])]]
Initial assignment cost (average distance from a point to the closest candidate median):

129.863922003
128.601202506
130.679676132
127.742989757
131.33424722
127.568863231
126.144767362
167.487364352
167.487364352
166.966669614
181.794647323
166.472999707
164.59425764
172.929885911
165.301014398
163.025855139
158.497726005
166.775854056
151.061884304
151.830102668
153.351985655
156.603501765
172.386839482
173.32509702
175.475998134
175.920193917
168.243670209
156.898205611
172.745223039
181.098766832
140.455206162
155.636569299
156.321189523
162.384814668
167.818336315
158.892062688
168.815266892
178.440718165
178.865239305
163.332500088
176.991463794
180.230147158
181.577097303
151.427375676
172.541650551
153.836386391
157.778977635
152.322921156
162.50136831
137.025575304
143.36305336
148.626186919
152.210345656
132.227324511
130.961592597
124.640506984
124.313358679
123.610622761
123.749658357
129.714597917
135.135655183
150.336230673
144.039598055
143.294507435
127.067819939
125.81254433
127.27713969
103.314804508
104.082053738
108.569015949
119.213561646
134.496371916
133.638923492
129.295663504
136.715576847
131.935908164
136.851699062
129.805203335
128.639192313
115.492274116
123.98570812
119.799269511
116.110693229
116.307680511
121.551144098
133.459630119
129.18279993
121.536447399
123.576002349
121.872367379
126.329762895
130.319740267
130.756774696
129.4525962
128.836758228
136.774896621
156.322805986
144.039771926
132.599200647
144.43167209
134.436558202
143.831459788
130.015935008
112.852233734
118.471922897
121.202041286
117.625058122
120.550960575
125.72452086
135.991494895
123.869574552
122.839803449
128.141491138
119.608488589
127.376683595
129.017869235
129.621774034
132.517337574
128.728674946
135.303653493
124.138147634
131.511490732
137.351465022
129.867782184
123.765106985
126.545057446
124.28636386
119.852191933
119.603240727
124.858170981
144.681540807
138.120061707
138.286234932
136.595330852
143.220784346
165.533649659
161.82259524
193.993625687
168.693293694
168.543160751
186.629824378
172.428868068
189.116225323
155.419346228
157.451673392
162.278300137
148.935964206
149.217842025
151.721982056
155.985062205
161.92228023
164.814630482
174.245988882
170.541412841
165.245847345
178.232306284
178.999134074
164.33416492
164.246868305
164.461739339
154.667804548
154.969580563
155.242632478
155.38001562
155.298037991
165.445080986
155.461840947
155.527136879
155.518085459
161.786411113
158.190951472
162.562273953
150.748530298
148.618954062
149.350245378
149.274403489
148.116161014
121.855495667
122.775036091
123.594371577
122.412404447
123.750863691
121.390652576
122.812338364
119.009606236
103.240225416
112.447866568
116.210662747
118.273611818
109.714187808
122.226538367
120.20244323
110.635297684
109.741811858
126.591133539
124.119321328
127.48839168
124.759227158
129.386597771
124.985578448
125.737368688
127.38390739
125.41118238
127.069955872
125.934868228
124.307247968
124.330958264
129.488328528
130.311600001
128.084253356
119.830566901
118.83704984
120.498398493
119.778164233
123.574054057
125.322477914
123.434570987
128.848302684
126.937457073
129.166688556
139.461110243
130.586789773
122.709271216
126.429950617
135.860485228
120.176110072
118.168999254
117.896044397
130.023077565
132.612415194
129.281575714
118.498963676
117.074383326
112.412410128
111.815128927
127.733182573
126.815999026
127.643735306
129.816272567
130.841221543
129.937130208
130.877487595
129.084135306
136.22619024
139.450637202
136.580821015
126.765049042
138.53409232
140.269047303
158.86387883
135.526662816
145.112430618
127.175007955
127.657884518
149.748040954
145.319869392
135.916181273
132.58797179
141.835901403
142.76971088
120.550121258
121.838131368
112.051203193
126.894252154
128.792480073
124.184554938
124.191888589
125.08186543
130.597625967
124.95493157
107.85011852
114.158312892
113.814460532
110.433920596
107.907178748
105.795214988
105.027294768
120.345165949
122.419254785
124.987163947
128.469406878
126.953060305
127.149237187
131.118091111
125.338481322
120.070743744
123.602416079
125.255942227
124.741375072
127.419364411
126.706052382
128.937224167
127.740335137
125.668335944
147.081768288
149.292145763
151.468901069
153.740094059
146.2998869
140.20429137
130.013257862
127.944868483
130.538477877
132.418486498
134.052331646
135.977608899
135.201629225
134.917301825
123.595357741
117.051506902
114.481578158
118.485395182
116.953981171
120.8944617
115.449339727
117.310254706
121.803910941
121.437360756
119.202689066
118.994828265
121.746908565
119.725622032
124.166649361
120.097367706
123.079390807
115.977894766
113.945234468
117.54990915
125.959729232
128.194941671
119.110326221
115.534817271
111.886065279
128.36376311
124.363413465
121.629533216
129.55520443
125.920211113
132.365534272
132.976164182
136.092874212
139.851696445
138.892339067
155.18136641
140.381597071
154.723872164
149.202115836
139.638594387
130.089677262
125.314582066
116.382277377
113.971694869
117.829499159
110.904352057
128.776065569
112.402884955
106.521945516
108.360619359
109.277996881
106.347290085
132.282376896
131.685574797
124.797906291
126.703500283
128.993597983
127.682376239
127.613106715
132.142385593
129.852196185
140.056504697
130.609015905
132.609219848
126.442779545
129.138946591
125.056061647
121.717911131
125.058620775
130.439009863
124.102614091
123.92563323
126.323471688
118.528212954
104.319519919
105.680216795
102.513372295
113.567240669
116.259642715
117.309049743
117.553574712
113.488335774
112.334014158
113.349487358
111.365935405
111.867559188
111.019277945
111.578673636
114.82669649
117.225478519
112.79260111
112.814852729
113.75122883
119.279272336
119.587718742
131.67809365
133.922825486
135.529399268
136.183302995
127.023219194
136.650564139
136.589785852
132.584193944
137.083359405
141.029519261
138.211031283
136.683002687
141.069493794
138.331561809
141.304366615
142.027664651
136.781002595
129.112082256
129.730368962
129.398178699
132.138894563
130.545970954
126.086343342
128.23473587
128.00757401
120.134141041
138.462264319
138.432608538
138.847972625
140.261117495
141.479464427
141.706335192
134.500133682
133.987210846
133.542215153
133.644359148
133.013877572
128.517363225
132.551228596
131.18079539
115.320926645
124.509193321
148.392418095
141.365450755
145.700289236
141.588893221
142.011192656
120.884691052
119.685861727
116.506926587
114.281621071
105.340415013
107.465578475
106.912013477
124.437373508
126.898092746
127.666986909
134.789522167
133.200733611
136.076077016
133.823245143
131.685970624
134.435806742
141.120837644
138.811724601
134.802311434
132.65465658
123.464528864
122.841897535
127.271052739
124.897324023
128.217918887
120.591829285
122.403428884
119.73480982
127.003408234
139.09333605
145.340884938
148.97533821
148.565118389
146.503383901
147.84229373
149.904028218
142.641370224
142.577827907
136.693566873
143.452672327
144.400833695
134.090129244
120.945520783
139.879359379
119.736826358
124.012129223
124.428390898
124.535187737
121.479767529
124.112739765
125.471651388
125.211903907
138.305317884
129.960474378
139.689532052
137.575368086
134.759295116
129.121334154
121.332842648
117.971993602
122.319075199
125.264377869
116.325235738
114.846893492
107.921495
125.586059955
122.019236311
131.418450694
133.541338162
132.282587918
133.580464877
133.896159381
133.281384454
130.498871145
129.236135601
132.506409666
120.566658733
122.853994156
132.45583253
142.326647802
148.814284866
143.422099506
129.484896038
131.60322972
117.405126331
121.173102404
118.402105541
118.191311892
122.863737478
118.851898507
110.970172946
113.095529603
118.3308342
118.146790579
118.631327823
119.400997328
130.850422464
130.158912559
133.728487666
135.597025867
144.954306664
135.31163287
130.183510723
131.69976534
140.659907126
131.119245701
129.789342916
131.109937757
125.638080011
122.154488042
121.874138201
120.392832737
122.932368829
125.344984081
125.887145028
127.825576111
102.562460591
110.245411414
119.621562205
111.540565812
106.429973917
105.859427648
103.292332908
104.500590162
105.340818782
112.481953652
105.671934184
104.952057991
105.458613708
109.188897457
106.592586608
109.0562099
111.670676517
107.718448612
110.263589914
117.308165922
108.817801142
110.57137808
106.293428209
104.654649022
101.708452963
101.407555225
107.824640065
108.986558404
112.203053674
133.089791287
125.933460895
111.465684203
128.914113914
132.894708404
114.783583144
110.34503852
107.755436944
107.185471457
106.762934413
114.081648445
141.242735639
138.378080225
138.146807854
134.708491703
128.42662602
135.731978874
129.474426036
132.519005118
146.895199957
146.7095923
146.575177865
148.435165036
157.845918516
159.720592771
136.108294779
140.823813843
140.379510148
138.253803945
165.206660293
166.873411545
169.560096519
169.117037284
123.601748806
127.845508365
126.387302344
126.953066306
125.895847716
129.454208924
137.159650546
136.374775139
135.385591035
128.668119016
130.887796256
136.453633846
134.619678987
132.726724389
138.721037847
154.738248491
151.02918984
143.078197639
155.081250735
129.51797994
128.13481262
128.948197127
131.473898548
126.45269121
137.734830525
138.758908538
136.763209484
141.169498053
141.216892841
137.949993999
130.191753529
137.57622287
133.813244149
149.592995724
145.845449236
153.379918257
149.883674971
135.118033728
132.384227753
121.965694179
124.040589509
127.444015301
132.111137154
136.93535251
145.310974183
145.165940352
134.609154748
136.85331505
127.859949063
123.715138072
122.566032104
121.964083605
134.620487856
138.837739606
138.836770932
146.110432123
137.15110459
137.936236496
137.591764147
124.15452985
126.573000685
121.390576075
137.069360463
121.026252965
107.167114349
111.340356459
115.640426604
106.544971278
106.876002219
108.504328507
108.673424506
123.871134453
124.532065096
113.634647891
113.437389688
110.273609864
109.252041321
117.267549558
117.642056984
123.341855852
123.102349719
122.637949377
111.104548831
116.637395832
115.241941628
109.399419945
119.279206774
109.584299728
115.521800604
112.492775036
126.767604998
109.066216849
110.296219377
126.024826327
116.617981731
116.740922491
114.879809314
114.550381786
117.398555617
113.273651488
128.17515085
116.627969144
108.131820004
102.549978058
106.276153246
112.36159092
114.629240133
120.490927658
116.288929221
114.428860094
123.254624703
125.324651508
113.775109048
124.579712817
114.147847227
114.673272538
134.433208836
114.538807774
122.714525667
123.873555483
123.707303573
114.057215547
134.463919725
130.596940205
135.384650047
133.206880361
133.752761212
128.271667779
123.613217819
122.376326089
124.078927007
125.464149113
127.718797045
104.139759896
101.800578209
105.668048362
99.4548090889
97.8273007242
113.183792662
114.941135812
119.6335351
116.235668284
115.888798076
111.418920202
109.92759494
118.432082682
120.520293595
118.569747163
121.758568752
123.899884279
126.444066416
120.84209994
124.569777211
137.452311319
112.315103009
120.468176746
150.35561245
139.260020977
139.141677597
139.084544972
138.216999358
141.46912546
142.417733198
151.369346808
149.38491741
149.726985739
150.20215971
147.852581826
145.066797543
140.647234291
129.72525938
131.193503108
142.948147992
134.787615418
142.08422178
113.645110893
116.949319584
118.168351583
122.113796903
119.834333108
116.988069319
116.9209535
120.963364156
115.925152867
122.836420684
140.661656903
144.33439271
139.714176214
138.934132952
135.921744066
132.050515077
123.998195151
123.381896303
126.043235781
121.535100534
126.293562225
130.75776981
128.55531507
127.525693733
135.104971961
124.590499814
123.841665545
121.683600065
123.345490214
115.081327623
117.628308561
134.26236
114.951920212
111.696156969
107.758969822
107.370050185
141.674737771
111.807870185
112.508711446
113.643008218
113.401854778
120.654358606
122.092487374
119.716202658
111.285176074
113.207975235
137.53416826
133.250975329
127.446010541
139.447432988
126.917821863
128.246300853
137.298998158
146.886197573
147.626538126
146.733930839
143.806235036
146.120009681
136.332918372
118.488943492
133.922158396
132.959378309
118.721591477
128.899026679
125.823111391
123.428386712
150.065536311
143.247511015
140.81391091
158.711437208
143.341547256
158.297204374
130.469575452
129.10896947
131.676210129
121.818181825
122.812459566
120.3144173
115.042327752
114.312532979
118.496308346
133.24210068
118.437440009
121.298050099
117.979888963
119.282105425
121.290085929
122.243469845
124.947618691
125.296875225
124.204122619
130.791411344
131.359280552
130.399824563
128.62585085
130.270702883
126.225659076
152.646402881
123.971704907
134.410191898
123.538652638
125.969532885
127.592375963
128.913465674
129.746760987
130.75147527
156.055571094
127.751661227
126.657928929
139.570879666
129.17981141
139.492210633
151.809305425
143.501375987
137.876577773
139.964458579
145.926444486
139.818255332
140.82566858
136.302439558
131.191959169
136.329598053
138.748540675
129.293629955
121.600644712
125.035850832
124.628291742
125.803862102
123.393475729
125.514059939
125.647013598
125.295406489
120.411231404
119.883797898
117.986216813
120.560836641
121.86638869
115.526200141
116.057001951
120.254015125
115.543326501
108.889216728
113.496844182
107.502202581
109.809428485
109.612299556
110.249942565
110.692581565
111.948233097
115.889664306
113.104323899
122.091981855
154.072825711
108.705977443
106.711453581
110.351194371
110.174730185
111.396150361
111.157403017
110.004863387
117.996114856
114.68091659
108.68564013
118.38938077
107.47688507
106.260398532
106.484439706
105.249161333
108.161536948
108.598461208
105.375480638
105.904833677
109.107103313
105.083082322
109.036231306
108.341671758
114.814873961
110.100376325
107.943982699
112.168749635
114.543336868
112.35907502
109.925684185
114.911097193
119.194241697
117.312050829
122.101098523
126.735351314
119.527845501
119.902306003
124.737045765
123.057171218
125.045367245
120.119517482
114.179425338
117.703727619
132.131617543
119.910634546
117.441264694
114.415069243
135.513478284
117.293099454
112.628139049
130.501319914
115.620492118
112.535767663
113.482864662
118.176553442
113.106493888
113.101739329
111.368132198
105.543813859
112.134621736
107.742455201
104.961507979
107.86868909
106.8353044
108.751682348
109.406472032
116.995536734
113.030940283
115.468202327
120.037391197
131.758845324
130.913977254
113.312711296
121.533458971
125.398697541
119.825691172
115.888014135
127.781982252
112.920507529
113.591386708
107.575969822
106.489499563
116.011597692
115.604181146
111.220528108
117.168825888
116.015214826
116.656085065
113.414765364
111.701701927
110.892089978
110.131010913
113.243370543
115.678970718
112.534666317
119.842489635
116.263553735
134.476427861
121.329500143
113.533862369
117.11534464
120.461094467
119.552605232
120.970857231
116.668219094
118.775018358
124.489339449
126.921040345
127.555471975
128.259660452
128.845887262
120.919853223
122.318589402
125.505601536
119.231746857
126.891445751
130.793769434
118.793927691
118.257208225
120.355169968
119.246910044
115.08642802
120.083511805
119.919579838
123.48140801
123.982092685
123.425552188
121.031067953
139.451148518
123.291644108
121.876939933
147.489922946
121.920936782
133.462771955
123.748085069
125.160501171
123.678419281
121.757143875
141.791820702
120.317549822
122.765880776
120.371056428
130.065211105
151.888145272
121.83373311
143.122896383
121.537705668
124.375412883
120.820057982
113.548053691
126.354013697
117.501649127
119.273787901
117.92170459
126.43197968
126.905599079
117.374538217
131.845994115
114.196073241
116.880394787
120.367134916
123.757701085
119.859045842
121.890668387
131.738953273
156.725032008
117.000317832
117.291027818
115.356228648
111.956853984
114.476857498
112.795531087
127.077197183
114.460245192
114.460245192
115.658209624
116.038908896
124.02061564
148.407629315
116.202692917
130.565492439
117.697849424
115.807830162
115.480815812
110.878895666
110.607679699
113.750527775
109.921829939
118.358226115
125.97942339
142.554027208
151.721613323
153.080017836
150.52036325
169.503347432
141.076542755
134.338962928
125.395390861
121.840795548
119.003509649
107.117836057
107.872913237
114.442235042
112.935585868
125.586126736
133.502914743
109.411889945
106.649409997
108.776999913
106.422992121
109.544777475
109.982294342
106.998484056
120.788249186
109.966101937
107.718903659
109.492196103
116.897546998
113.77929869
113.152558685
115.842949863
115.219597827
121.321460767
118.257083959
119.120497027
118.976238221
121.96818063
122.067151091
133.196219901
123.787013599
117.662494369
116.209198144
116.750554842
114.058163911
112.713267135
132.636771626
114.78117188
112.723213311
111.73942758
105.940704133
106.307210019
107.260976101
112.25444315
112.198700868
112.720645173
106.483640368
109.290576266
105.31534844
111.713893696
104.584167294
106.441582329
102.223382577
101.001910744
101.743856441
126.688869311
106.069983103
115.553759766
103.203805472
101.836278549
102.909937467
101.720255499
107.15471343
102.574037928
106.233312379
102.963799712
101.605043128
102.688750393
107.109598726
100.370485947
103.758189904
107.622896869
106.473250896
105.999147511
108.622889617
106.74915749
103.530779709
105.806264153
100.049681865
99.2497962192
103.396219686
111.451033502
106.50213938
102.126479244
104.174131307
113.277776696
106.776952445
110.335962474
102.756681877
107.951726483
102.38579684
112.65939796
103.271116853
103.181307787
106.230360804
107.60127577
108.76732408
114.936513466
112.412811414
105.218079759
108.867236662
108.639765064
111.686465359
112.869489384
125.1592049
117.42668911
110.322185634
110.37009952
109.973662047
111.791355023
108.526199284
118.384755747
122.345423284
117.388885356
107.427697965
108.458457708
108.211166578
106.313227384
104.64763357
101.734042186
107.617755671
107.654685084
103.589018422
116.415386898
103.316448179
103.246163404
115.225090562
99.5920849541
102.416347169
99.932025163
103.569193623
106.937988749
101.747375172
102.273834268
107.289200642
108.842111063
104.267125362
107.338791596
107.928200214
104.584031243
102.961032077
104.102235366
112.030303459
113.279561613
107.157509314
113.189325214
110.102164534
105.193626375
105.388103823
109.959817663
116.287427815
115.46450084
108.778636717
106.548902351
124.65206164
106.768241301
110.546386603
103.773832133
129.848779289
108.670654205
110.004836227
111.45901619
113.293918091
110.31644582
107.697295477
127.721218361
103.50647884
103.292990351
103.602246809
102.847828418
103.091962077
109.616104204
102.109835179
107.831234728
102.338699506
145.240448391
104.560540482
111.284099624
105.138777101
105.897563427
102.338699506
103.635241423
105.249146179
106.857453986
108.772393314
109.011556668
115.536058544
110.558685365
112.105112679
110.983736306
111.572544047
109.64129661
143.188364235
125.353437742
107.851196515
108.912293034
112.975697998
109.932042604
108.764914446
108.574584221
125.180756108
107.214242456
106.986196774
106.48053172
115.368273389
104.035618729
108.497567866
112.26851283
107.053203398
110.062407223
117.790572596
111.362014757
115.798355028
112.883142235
114.367271413
118.253601035
123.646046482
112.345887666
111.265803919
112.80886042
113.830349405
139.5372299
117.994256979
118.038603682
127.084670593
121.778394308
118.838390988
118.573360964
114.967206349
154.108700949
119.326459841
118.121918175
116.795898197
120.359562447
117.369139804
109.686546148
109.628771665
111.16688286
112.956346502
109.195251225
103.648379661
104.153848375
104.332147719
107.277438809
103.033701731
104.649383275
107.659851553
102.637331435
106.629423305
105.691198302
102.080781932
104.690430842
100.980540879
101.709332901
118.932209606
114.732480781
113.211851687
107.907010378
103.718480204
106.091186604
112.845310629
104.708939148
105.099156993
109.704894502
109.160719112
105.690862664
105.482057681
107.375702642
106.128987402
107.350914163
104.862461366
106.970915196
103.748806466
107.692049907
117.178293942
104.417586842
114.036665956
106.870240832
98.725267591
101.275253961
104.931802292
103.113681586
101.680002018
102.627756388
102.412725845
114.058057053
102.515123612
109.074908357
108.7215342
111.959677502
115.093996359
122.865121284
101.638794849
106.400403425
112.825258329
109.510458607
108.669597808
109.396385482
109.438408624
122.379666831
105.652481018
105.00477561
106.129427344
112.25120821
107.563026794
108.275906528
105.758643387
109.911997738
113.717234303
122.66928921
122.035666481
124.761709007
114.366113634
122.957728759
118.161162489
115.425301192
116.097766478
114.177090206
114.744169819
124.020849773
116.666419441
122.974256269
119.991053239
116.454106509
123.072779528
116.420762753
131.561222179
130.605491046
114.888835956
113.532365522
115.947334174
122.906231507
114.068180612
126.412915766
114.720366356
115.837945614
118.066783326
136.664184148
117.975844439
114.580574323
117.617950018
109.408242238
111.918424901
109.711575835
114.572261471
123.2665854
115.643195525
126.285762544
109.589443975
102.537605665
104.290698447
111.598579306
114.686032332
108.553800859
105.869905589
102.368029684
109.077321338
103.536060036
103.536060036
111.515864729
109.190796965
110.383249345
109.521776365
112.032583121
105.771015651
109.745846375
110.295131129
110.526470021
110.814496037
111.657223832
109.186635424
108.810147495
111.167434046
113.986298802
108.039202192
119.958636074
116.249166859
107.690368403
113.276578852
118.500837711
108.300571526
113.029786752
101.697443979
101.919546278
100.154417704
107.971273748
103.933421343
107.842456083
109.655781839
106.589166502
101.282995579
101.467901817
108.96751926
101.413380971
108.838349682
101.959396303
102.407089826
100.995896848
113.530795371
105.754869421
108.108068239
103.919630916
107.627588123
111.171109737
121.981223936
127.631442712
129.306052681
107.531844529
107.966260384
108.24390337
110.232170498
108.337135044
109.591201895
112.28954116
113.576952495
119.112339692
115.454924909
111.542948233
107.579458043
110.51876587
127.503597778
114.511084557
113.242347539
106.673858171
106.912947308
114.791096975
109.274472578
104.687573013
107.264226844
105.529953451
107.882858557
109.030198103
124.974234486
102.434048536
104.95963052
103.442121867
103.4739049
106.519385336
124.035010504
103.692367947
104.652167264
105.320106231
103.589853424
119.212094423
131.165429157
112.612124217
106.625901205
106.499435846
101.267555078
97.8987272016
99.0396819225
98.8955469966
103.868725956
101.969893172
109.74877224
102.245121512
107.685104056
98.442949546
99.3085208245
102.614381322
101.422723104
98.9249280995
102.491006244
103.702784918
107.199521885
98.0565645069
99.9308001461
100.654113394
104.940906254
124.352678969
110.53042863
118.231138483
102.804910441
100.499465433
115.930071232
107.345749625
108.181896728
111.4383717
103.826227967
101.601741739
105.378323599
100.388140018
119.426360517
103.991263223
99.6470811966
106.123439107
115.746722437
99.3199060524
99.8539712241
99.2534406905
109.559992434
97.1506199348
104.079940162
102.839981483
98.311172093
97.8070959079
102.676015026
109.157046414
103.639743383
102.846617848
111.218941743
108.740580655
106.459727838
115.379855829
105.403934997
121.245816752
107.499120474
102.96149332
122.788174714
108.451431022
105.652885684
102.726705781
112.963656029
108.660765945
109.664769313
103.471785931
100.720719789
108.913656082
104.608855033
97.8184108835
100.602819656
100.692912059
100.419859655
111.721788685
101.999102613
104.284051956
101.9838908
120.938720796
97.794914203
99.8918861858
116.202799522
99.5794619388
106.30269101
105.813594034
99.2595622926
106.18451976
101.867662398
103.56405027
104.448318778
99.0107426737
100.681745813
108.823505176
107.201359117
99.6768772712
125.338541977
100.260765333
101.230106624
100.888794686
100.694788351
105.004469293
104.689664719
107.951437847
103.817159753
99.5171347172
104.94885648
110.480835656
101.869709819
103.873819191
100.215961673
104.738652783
107.676097733
106.13624937
99.5451525176
101.827176182
100.329980351
102.413836309
100.313536796
102.135704029
101.66465373
101.323220926
123.217145753
97.7133927551
101.298255155
107.531287262
117.868523718
97.8325450574
99.582169527
100.206192259
104.585643474
103.421306733
107.742973473
116.371399118
110.536770235
103.114945477
111.528129759
115.978782331
102.571594557
104.056161132
102.255169773
102.908436808
111.10187193
112.963197914
103.379529981
97.4039731977
98.4937989768
102.657638547
98.0382067293
100.281121782
97.2991086427
103.685160608
110.109359218
97.9325855749
99.4831998635
101.269084721
103.179218084
109.485261489
99.5417836807
101.434583092
121.807709805
102.40642725
104.413674544
101.899823542
104.265487427
107.754177765
121.368487793
104.033887831
103.140304562
105.523987058
106.169914751
103.989620702
102.44858787
103.654345203
137.400544392
107.579166078
122.838983633
111.908106864
107.173054873
126.425728182
104.838651373
105.991735764
100.820125654
108.582972367
105.252352328
105.279535903
103.265057351
107.166827614
124.658799636
117.157008558
113.01463478
100.608266946
116.830357608
104.118889336
111.314474043
102.95599258
101.759944683
101.542072423
100.022135499
99.0765794603
100.827149014
104.734166077
103.121958865
112.408848399
105.553962971
99.6080032684
98.1806699941
101.799763823
110.670602646
121.786711891
99.2764103449
99.5893787689
100.371453065
98.9927054546
116.314691643
99.4052865829
105.088175644
100.836156921
99.8433224507
100.078105168
111.578490961
100.467182477
102.86360641
100.899176499
126.588787355
104.599321394
122.672137687
104.881082184
102.21298909
100.742085084
100.359509621
104.978485643
115.737560647
111.185100497
114.616362451
105.139602759
104.699423971
129.754672006
128.819354273
100.70575015
124.643916642
102.700845192
111.516333972
118.182968547
102.196357713
103.274989513
103.00461481
102.621460074
104.115659288
103.520713439
119.731985251
129.441426023
109.928018336
103.514395834
101.540825719
100.622305784
109.251856851
105.263061485
105.415588222
100.620930004
104.828782948
108.920604944
101.361467892
104.206556639
104.560922604
123.164930475
104.696881759
126.016297166
99.0923980672
99.9081129643
124.605772899
111.059345092
105.973246272
100.71192163
104.73487072
101.171398427
102.7415403
112.989499926
100.380182859
103.513940325
125.615003746
102.632168958
116.056664293
100.558401452
115.982483394
101.631951261
103.169507165
100.845779155
100.703114339
123.615003302
102.688069464
104.549132255
104.277390065
105.306938746
101.995647723
99.8934214421
102.967075734
101.121808732
126.75007413
103.147470593
113.872584476
123.206037264
98.6024296314
101.946881851
112.283721132
97.7475467902
98.1906002957
101.475060716
105.122597567
99.2637447931
99.6721379114
100.628805237
100.459426453
98.6285258993
100.628761871
104.250217114
99.3169182613
100.332799187
102.938764143
101.659102644
100.285471331
98.7913447077
119.51014599
101.553181774
98.4510419415
102.310926401
113.386929267
99.694871666
104.098362763
101.16558045
102.039351624
99.2816929548
103.567052053
100.491169395
104.75354345
100.957872539
109.612817627
99.8865217594
99.0010946492
102.953934332
100.141478508
100.039750993
112.84630561
98.3803742244
101.915630309
98.522526656
101.883948286
98.522526656
98.902872674
105.782879911
104.304514163
102.463313283
99.3797739966
102.666376106
100.810210715
102.546709751
104.667673204
100.208312355
103.048142236
101.874496105
101.16378465
105.164706149
101.1709595
121.184830147
99.6265571461
99.0608005701
100.248106914
101.519061008
97.799686236
101.592576136
108.95566603
99.0511090884
98.6619425954
104.337424683
98.4254814168
105.727775064
97.8945790214
107.160756202
104.328407951
99.0344077731
97.3808716166
118.506582125
102.331385413
101.534527457
99.4860085084
99.8259229212
109.064714199
100.431781641
97.416006167
101.522058534
96.3071878281
102.871305224
115.377462684
105.861013041
104.14051127
104.983931142
106.579390143
95.4904490157
95.5331748767
94.8800541687
113.962741147
93.1392008425
119.026088836
94.0413420301
110.520580309
92.9681272847
114.377358252
118.009049157
97.8668102566
93.1473584734
108.692542997
95.7932702127
98.5704085322
96.5911851924
97.1204658496
94.7148223352
107.640200165
96.8009891634
94.9830222797
118.647405462
94.0462646267
107.215015289
100.005271456
94.1511326311
98.2509623679
99.6159400746
102.465584608
100.656711379
95.7988470219
94.4208049319
93.2729522323
99.1464469044
109.274464366
99.3762129458
96.5986417395
94.8599961338
101.474192203
115.730264454
97.4551436942
95.8931089754
96.9741003246
95.7431219283
114.813025092
99.2205541463
100.081587312
100.401448525
123.145900652
99.2246817756
106.712180311
117.847281872
116.540240012
96.9540118529
94.5201459494
91.7981211491
95.2920699148
101.010575131
95.857287603
95.5126992664
95.0610902585
95.0916613108
93.0858947265
97.2308186247
100.632478874
97.5587388033
97.8356724184
93.6506619248
96.5691942663
97.2310268549
92.7172150783
99.7095766651
97.3215626323
106.377790575
97.3262478374
106.022247915
92.0786311739
91.8660311584
96.9888327316
100.092734563
97.1027824414
99.0332443945
103.642469257
103.203530468
102.998405734
114.365069042
119.281548457
94.8466496089
106.596013895
93.3463815732
107.7954092
95.1163541092
107.854330524
93.3660636841
96.5712103621
95.5797591341
96.8991180294
98.5899150455
111.293631666
92.7964645557
100.312266318
91.7981211491
99.8742316972
No improvement for past 150 iterations. Search stop.

Press 'q' to quit

final cost: 91.7981211491
