seed 4819
N 1000
K 7
Temperature 250
Decay Factor 0.999
Initial K-medians guess:

[[array([ 418.53861609]), array([ 151.44368836])], [694, 702], [array([ 161.65422495]), array([ 731.87230325])], [array([ 552.45841827]), array([ 854.80610884])], [array([ 730.6002006]), array([ 915.98962697])], [array([ 127.45627898]), array([ 792.55450291])], [array([ 795.68692057]), array([ 668.32687293])]]
Initial assignment cost (average distance from a point to the closest candidate median):

200.660974767
202.186330827
203.378410773
196.602913992
190.771980264
193.59694049
195.775602958
198.102932974
198.754829444
196.927969379
194.647609283
177.569375427
180.131708346
174.588409016
162.84518506
169.308871609
161.011709751
153.841927571
157.853699009
177.478087086
184.540250659
188.632495772
191.447334334
181.067173828
179.114261588
177.332889815
182.764152291
186.921320213
166.698318268
160.810037523
163.518307431
165.301089012
166.181299718
165.231023264
172.371502696
162.149389625
173.329351663
171.755593263
170.516397312
175.511845222
178.892973886
187.507685732
190.6186149
185.484630165
188.760483268
176.865616242
177.289010982
173.979381244
167.090684096
172.857228152
162.363842087
166.93623823
165.85598971
165.415839793
164.629544836
155.774378124
164.133466059
168.598255872
163.723739995
158.059615181
154.745741008
152.394693613
170.614530427
177.202845923
196.797695816
177.64206117
177.024017925
191.413662379
175.676714936
180.588215646
178.054572622
178.691343177
180.013366083
179.916521386
183.63867883
187.440589731
178.840296974
167.708147925
163.277014903
162.129264105
161.398605467
167.93229196
166.680862064
167.34817989
164.748626073
154.09900279
153.303781388
157.02610079
154.130962207
159.219833482
155.786593823
160.743294927
160.440566248
152.985815062
153.318404505
155.504746898
154.427926666
151.831196561
150.650707961
151.180357817
158.73935437
157.284389962
168.029236125
157.189011011
158.817552198
160.601236268
162.589586326
169.932943008
187.597392619
185.776383798
181.750552176
179.166751544
179.696313844
186.063506947
180.378138122
169.148780845
174.628222538
173.063669554
167.755423432
165.745886202
165.693515966
164.623032681
171.612044712
165.091294323
179.920437275
173.420886672
180.912935573
183.723854438
179.925966393
185.243090624
179.559068432
179.965505527
183.100118266
185.494342575
191.270029601
199.130505244
195.989789232
193.989077831
188.951547267
173.357278129
182.422057549
180.863849967
170.257728938
179.528003684
172.233036642
181.569128875
174.784642526
179.863238751
176.646806292
165.201697235
165.399805656
170.042940858
162.976674758
167.619125587
167.34636481
146.818407697
156.403784687
150.049502495
153.798164157
155.112393422
151.871138181
153.6449619
154.197268203
158.371288843
165.492127506
164.555037472
164.810024139
164.042962754
165.589807952
167.96643546
162.933558251
160.512220232
157.444353235
156.096426491
160.650336893
159.053461848
162.059078505
161.711941519
157.937370099
149.1049263
155.07363321
153.222796437
160.825289524
156.809932956
159.99770506
159.237612994
167.521431175
183.598936328
184.267294761
193.769382847
179.61875523
183.138129697
178.253409189
186.408981879
190.023375996
184.582139573
182.098913995
194.108782875
185.097041789
186.671954276
187.515766632
182.538079725
185.664773824
183.980093438
181.092102607
195.883813405
191.222888494
188.983529906
176.167856503
186.775080679
181.942637143
186.743026097
184.289834327
193.939776414
195.174229654
193.386453923
217.768295077
219.350747632
199.586956937
191.20295621
191.268583394
208.581305772
190.267533072
216.947509735
200.377491172
200.052838198
191.603041541
194.275080945
188.995798629
189.32577063
197.36380576
176.796104848
173.786578248
177.642502416
180.688685416
171.515128479
172.202773687
172.99167019
172.750404923
181.481613558
172.664336316
166.159649274
171.608907358
162.78927468
171.578796067
158.39817247
149.133740092
151.127401997
150.549966952
164.252453078
147.964353395
152.131546819
155.693153384
168.51160363
171.049258374
171.112748939
175.776253573
183.019113198
191.286909564
177.960221525
184.280795616
174.524243518
173.626351182
174.496562103
171.81479105
169.687951908
170.658475828
193.843403155
165.811214531
177.021488009
179.885896655
201.036915593
179.102544504
192.932958225
192.692138129
189.404391805
192.585813414
194.60747408
190.712996393
182.296508572
193.154365818
197.153168146
176.914187469
180.101915511
181.560749149
174.027386474
172.290376626
172.748561079
164.950170503
174.384668771
179.559040669
167.124475519
164.492418923
177.806450453
165.141316225
171.790467515
162.660428254
172.914696484
168.678351016
170.838085914
183.093052389
182.352706907
178.416106046
173.042257537
175.024808528
177.05338518
175.18593572
189.713542651
212.410765775
219.842127353
219.94850124
219.916801535
219.858721068
224.987790125
221.096227884
194.972339272
219.632461843
193.263541246
198.611004428
185.878709355
185.360816759
187.871463641
181.653856781
167.414286486
165.652468936
173.129232519
170.090429757
169.61589632
168.480748023
169.001892819
162.615309925
166.837597836
166.147811944
157.710224456
154.202889458
155.487426383
157.822250883
176.987545693
182.043232444
162.865078283
157.755802044
154.733805568
152.7472396
154.679855137
149.964903218
152.484685038
142.531591601
142.594576923
146.040222265
147.436685612
146.707631303
148.056469157
163.991444009
150.449181657
154.499452402
148.598246293
152.682622537
162.209496856
153.368343658
151.018436532
147.743808304
155.368902242
173.842872763
173.729386052
175.722667465
177.019779815
175.602346837
170.025229891
181.510227438
169.689980933
173.277282132
171.086524739
178.146905811
176.340684551
185.779164672
191.968429775
193.284316242
193.897322624
184.506950525
185.035439152
159.806969389
162.061501935
164.441160122
162.061501935
154.733660716
147.029690702
156.145034925
152.337160733
151.104715632
147.456012681
150.3430737
151.042406042
150.75819237
151.564738552
149.447214011
165.693005824
148.639465688
149.373812638
156.514009636
152.187850569
156.020568714
157.853082989
148.121287517
143.409511364
143.444664108
151.707154306
152.682232893
153.705417696
167.87363391
164.792079846
172.31614875
188.604350771
168.34790247
168.28999948
166.109251778
166.229436775
163.302210585
163.693024458
164.631006457
184.041889143
183.384048469
183.044296593
172.062119944
167.930570512
168.578282169
170.427245632
169.235583633
170.671664589
170.892687217
168.287389706
168.95708057
169.408998475
162.008946425
167.298663852
169.661973312
172.225006812
199.992406968
169.021340879
167.935168358
167.377097458
184.330621396
185.968223342
185.132608689
214.455524879
178.997527299
179.933368419
178.484141985
179.681428376
179.93911421
183.948415083
183.223222711
183.398376556
179.169736996
193.096205402
225.787299821
167.399438158
173.377364366
186.062177801
162.499776243
158.738360416
157.485055286
151.005896896
151.798171911
167.322001007
157.060796496
156.708184872
151.790694626
143.725264939
146.440822782
147.256622487
155.985071082
167.194483416
193.303975197
170.563973685
174.857872913
164.785803462
164.275628126
165.881650531
162.459138427
153.494181475
160.937935311
155.808732238
156.175313267
165.558768071
145.489369632
158.760219127
151.788222716
151.65112701
165.353579284
163.622507271
155.120497198
154.405164478
170.816795993
154.42328428
170.282978338
149.126378796
142.083245016
154.001985947
144.020155346
148.045483634
149.157338364
151.98540757
153.681636081
167.059082375
152.25037888
152.75255248
146.477530322
151.796260575
151.103564131
153.147236315
149.535943394
155.4325195
153.964727124
156.385800134
156.807859968
162.224962434
162.678027564
154.577754419
150.24508726
151.412971309
157.406249013
149.133188555
150.947378432
170.209335009
158.06536182
154.985027078
150.815217798
151.060953719
149.250776411
139.922558793
145.140523829
148.283387642
150.563981814
150.307571113
155.558840282
156.348189379
152.835590893
155.386800846
156.72754903
160.327390392
153.31728696
159.313193261
167.890353644
171.486434263
159.856467869
163.386247923
158.597236079
152.055478364
158.011773512
154.099237478
151.140383578
149.767727736
157.598471342
154.795150382
156.221290906
159.119474475
152.059347042
151.604807291
152.492461701
162.347682939
162.706240916
152.861936112
150.40751279
153.794754115
154.97480138
160.891429667
159.43753503
159.601302435
157.765151054
151.571362075
146.17955217
146.443493264
156.717064838
156.971932198
156.248476252
156.284992248
152.608998582
152.456022789
176.633572675
153.433051769
170.180291007
154.354968157
158.544387714
158.133331007
156.238043884
163.340066422
156.516989323
154.494680741
157.232653733
152.42356101
162.265484043
165.498059719
161.684603868
155.761509633
161.202487768
170.465783795
169.093935266
164.075279432
172.246446193
171.573169722
159.094475608
162.061523976
168.435731134
151.167882536
152.397207071
152.932829894
156.683423082
154.021138976
153.487447386
153.664200372
159.295312366
159.441289293
156.580395975
155.243558413
158.280711726
158.302009605
157.031025382
163.561032712
159.788984582
157.151327189
158.035048344
157.897476692
155.967805134
153.331004857
170.00900069
160.944701422
153.270945727
157.060481079
158.691005022
168.938652594
165.756994444
155.200266119
169.298958719
168.647883495
163.827419619
163.738807066
170.126230206
178.966355823
160.830521938
154.309950472
168.517542008
155.567072634
159.061902629
170.907951332
158.288031362
154.745245064
157.048707001
156.895856289
155.636384256
162.688636809
156.375290737
156.814734719
154.307452071
155.124859239
162.980358416
165.233941433
163.907283517
165.105069841
177.566500594
161.123968382
166.957147052
167.734450326
168.654357505
197.020977214
164.636597567
163.461551562
161.209568294
162.486537203
167.377014517
164.781625055
170.552354709
164.296267193
163.63046193
162.419975615
163.355292764
166.718680559
183.660259617
179.42839603
175.883530952
175.364394373
176.161637107
177.227828071
177.227828071
174.354309108
181.210467251
168.634838929
164.849642135
166.397354776
175.001794298
170.967387529
174.552541365
176.739335718
175.625520173
172.48782142
169.564800621
175.972009314
179.483117817
176.21617273
159.378218049
157.345944242
159.169758112
160.884294889
155.663127593
167.171650595
180.223501805
183.17022468
179.518858895
181.588333694
183.801829521
169.871424984
170.436172447
167.624316605
171.781689776
172.157651422
182.759932161
169.294543691
164.94262931
192.605261095
165.141556086
171.638155335
164.558690274
164.714822455
172.741654495
175.464800858
171.825726658
170.194609972
166.785034843
164.34845123
174.881487544
160.581177354
162.021827032
162.053755918
169.106840018
179.571991978
161.534572478
161.450890269
167.015127253
175.40366773
176.879411208
161.258459016
176.25347717
166.895867696
162.8074438
162.781022708
163.964834864
163.363048547
166.886663653
175.144859152
166.189333086
165.813803246
169.993943385
164.356581304
161.463898676
158.849014884
172.614133556
158.060794726
163.188085334
164.790488417
170.232287139
164.547501722
157.568387056
158.853695954
154.486870408
165.342922101
167.627593937
154.358661575
152.507234321
158.603823963
157.774961004
176.140550359
154.596751582
156.623720913
156.431273415
158.824420364
157.09395499
160.479082969
171.613589999
162.913861667
159.696702571
148.291783164
153.576227285
151.884103429
163.019097609
155.032112652
146.040796487
146.837817796
157.972811976
143.216686591
147.973368943
145.951572799
151.189420532
147.59257335
161.88659462
150.397719403
149.172970702
147.59257335
155.707136346
145.656868256
148.718086622
156.574091001
147.905440137
143.066335966
145.26615797
150.188934702
146.10673366
148.316427848
143.566236016
157.039459905
144.018860069
142.967086726
154.536546935
142.170541203
146.864367645
145.91954956
142.560915459
152.414834533
147.75347106
144.789969116
153.627841192
143.341906232
145.313644296
144.733546507
145.544552445
149.649105635
146.602564895
160.194061907
138.884527166
148.250159728
148.238841278
148.823577298
138.897691298
139.921134267
139.818193685
143.74632827
145.122301799
146.145324332
153.647162423
146.25890683
150.433638369
146.334830397
149.108878389
143.730112529
145.149325395
147.447568141
146.82641243
147.853231906
145.832432426
147.865564455
151.053787256
160.886103381
154.282694608
151.315729253
165.258286559
153.117704934
148.653079995
164.443675031
150.093601564
148.577702704
150.116660475
149.169930491
156.014679426
162.157155142
146.405388859
144.74511592
153.431375103
155.433853601
159.246719387
159.235831539
162.866467696
154.218035281
153.707288235
166.443013508
145.798867402
145.791317019
147.299857773
148.933641996
156.488274332
149.29577394
155.796205519
161.253414358
148.62663548
151.545795039
163.991364667
156.410521748
147.281519758
152.475728
164.075009805
156.389976553
156.916725541
159.475826086
152.573335007
165.830163646
146.402803366
155.791905699
140.084713662
142.684935351
139.069179921
139.117640018
139.029990898
143.455483934
139.930690521
146.229131187
139.305856905
141.019886202
151.547198117
143.727855134
147.375842146
145.596468896
151.277740296
158.559269764
144.919269135
147.908033418
148.213552554
148.346889771
147.857927818
145.990924546
154.57882985
146.190606636
151.775848488
159.427560528
152.132920513
145.334221312
156.575966936
152.656871015
153.943788278
145.465304091
144.18357157
145.30291802
142.936950834
156.338749263
149.585506544
149.679369343
146.440357103
143.762093142
143.485485641
143.40680288
148.295661897
147.405460072
149.505430165
152.828269418
150.371327899
151.806088873
157.514275256
147.020545532
146.938046722
162.229681075
146.334458276
148.817168576
141.901879794
138.613423124
149.250296755
137.3849489
137.93847043
146.487494356
136.695854304
145.13850215
137.140980688
140.131322114
141.342045114
136.040744617
138.436584387
137.883311095
141.369043491
139.46083625
143.449851112
149.045127747
148.827385777
140.519775562
141.468981032
140.596786378
141.613452392
156.570780252
140.989081358
154.388498052
143.980472602
145.04900177
153.771297554
141.998274254
156.58999077
157.061126557
139.651357047
140.907351331
145.014625931
139.188228239
146.305864315
148.842113907
139.179331758
139.295153614
140.967363778
144.641385659
141.813688287
139.371234697
145.281833677
144.058815869
141.275775503
140.189112593
138.818309832
139.497492554
138.858663711
141.901893957
144.745498541
146.688144853
143.921916335
141.475480266
141.802602754
141.601640001
141.189750979
144.732929081
144.696058417
139.909165513
155.955173302
138.085799313
154.056858095
141.625683558
137.370337374
147.869164769
147.369653788
149.65713716
141.862662039
146.2553282
151.191693131
137.300235217
139.050213105
142.513846561
142.209203363
146.959563909
142.961069278
140.670955792
137.794719565
139.401696791
139.977522507
136.96123512
138.330283801
144.308510582
145.105473486
142.696332313
138.110020395
144.402364046
141.160390312
141.0501946
144.42721846
142.891092353
147.919319769
145.7419722
143.850211165
144.826525336
148.43206065
153.289980098
143.970925053
147.472842807
139.352286474
141.103097433
145.79886821
141.660451133
143.218150422
141.432852814
142.478223706
141.679589346
143.396797056
145.160521369
148.941299039
149.568939475
144.672662191
143.123716207
143.028608854
139.205481039
145.199048063
142.902563523
140.95176903
142.997850442
147.081271053
143.876064476
140.120679703
140.242415607
141.947274519
142.029919991
139.708754248
148.537777948
141.155690604
139.32717289
146.319879799
144.611533076
150.417175957
138.528726145
145.553969813
141.953621543
151.954733502
139.086388001
141.479548663
148.415663827
141.20156124
142.428499466
140.773011315
147.721631997
149.093693704
143.490568539
140.537444332
143.351394799
139.507887222
142.178424316
144.754590012
148.806643907
143.158064046
142.456312384
160.620810717
145.097856709
143.635276665
164.127638015
150.939156729
144.115333672
150.792045423
149.501374145
146.100787848
151.823849939
145.248301313
147.219393121
151.167945322
159.486179979
144.406654118
146.917805081
144.099462897
147.147527326
146.235668975
152.595196475
148.499201335
139.905932492
142.694826225
140.846961519
163.573484791
141.440288683
146.896665595
148.023705215
152.041227608
153.888252231
141.689337111
150.639964962
145.621775619
142.198545743
151.139841218
148.772072161
141.124031382
145.300927085
149.915419911
139.444082046
145.030644997
155.218116357
144.062899332
144.776260472
137.657509251
142.604248866
143.888118879
152.537268649
137.966938406
146.521880354
138.829285775
138.620644105
139.156333138
139.753902816
139.552899504
151.066229557
145.378411273
145.737916787
138.261140732
142.650030344
147.228039441
139.809447159
138.314197602
143.435194992
143.901694273
139.844304661
140.390407623
143.435194992
140.137585631
149.401462584
139.245293618
144.266283281
143.526001204
144.871595617
147.09314767
142.20537683
148.360089977
155.506401281
139.018696204
143.522951645
146.258303808
138.086792703
138.678669288
139.575180605
146.371050302
139.679589029
141.65672006
139.739201556
142.191619307
140.458033303
142.467928195
149.436775563
143.397991276
149.996258837
144.241719596
148.790297839
154.123057759
147.91370525
141.290196648
144.779333923
140.489496727
137.359646056
143.574725437
138.935504088
147.62024288
143.547232505
137.758233877
139.739663473
147.049022438
136.750011821
139.746071558
143.781652379
140.038633392
148.229232326
137.229775992
141.771269096
146.85908729
144.467759332
142.678128765
136.882171327
139.102032484
144.477717203
145.369295638
143.31671967
147.030785281
144.385772124
137.82755179
141.541172227
150.342426725
141.606764949
140.396904041
150.491451856
141.445322758
141.580165091
139.84460338
147.144424746
147.87877088
140.030828474
139.396250037
140.691317907
150.587948842
151.970165962
145.289810427
141.355786983
149.611331572
136.928467659
138.113222577
161.504139623
133.606064509
145.121964235
138.664823529
146.362545512
141.464051245
139.227940822
148.930871292
135.658179444
135.857713594
138.265309559
139.206724279
140.689870056
133.415531808
140.322349407
138.548969055
138.511970626
149.207770612
135.823694732
138.757412587
147.540847708
133.844162353
142.357655661
138.336912755
137.155935022
136.380560132
137.728302949
136.993859941
149.057094502
146.059256539
138.477971774
148.484848591
135.097227386
137.758958172
142.43244015
137.05957723
135.324978848
141.466589249
134.993449221
133.470174427
154.344951314
134.580214807
133.747358012
141.735941202
149.386859687
135.967228876
148.089958782
135.130539001
132.91328004
139.282838706
134.952563303
144.488857478
133.142494894
134.065099667
143.352459395
136.117169884
133.148857156
140.90972664
138.457551167
135.158688316
133.979778483
144.754896728
135.235866157
142.074597986
147.662859932
133.559441248
132.793807086
139.055498686
135.099196987
133.128852578
134.116769087
137.876881351
133.39521482
138.40945597
136.846925243
141.924134005
140.874437274
134.578830737
140.136987999
132.380334897
133.862026332
131.549859477
134.713103298
132.54832195
140.418152167
133.6298042
145.152904263
134.387169436
134.97659392
134.848055986
146.784214593
132.663785468
134.773196307
142.065456372
131.817134142
134.355135379
135.945705588
139.545127948
134.700587421
137.679609432
133.06714991
142.421473708
141.782916134
139.12160001
145.37251661
135.449927067
141.183702012
142.286307095
131.594779593
131.715253143
141.709161505
139.706198367
145.989572757
136.138977705
145.019580815
147.173649987
134.49045135
132.384586658
137.556701839
131.776394046
141.973162223
131.691211855
143.897590934
132.09234922
136.079983917
134.216220064
146.50306759
139.080887758
143.412226906
131.752907348
140.618549268
139.402655117
132.833162097
135.744592698
138.128944994
135.983044353
131.570738305
130.728594651
148.577883825
132.747624999
141.911136288
130.581980489
140.497953086
133.090497002
132.247078369
140.102601766
131.465210967
132.951743858
130.280612371
130.59025334
130.196855038
144.700107985
141.639612208
138.804216199
142.916421359
133.09641257
135.391962326
136.44415332
130.277723101
140.312600398
133.613990064
132.058352944
140.440448227
129.477201964
133.179608908
137.48038045
142.896898092
134.252176758
130.245351064
130.650823775
138.017717896
132.292204105
132.226912054
138.207536632
133.924685436
140.510780527
135.70923445
139.219590162
137.907578746
134.595291411
135.796132264
130.146024945
140.970195533
142.164933447
131.048559095
131.048559095
130.743924552
141.062240305
135.782972729
138.103941612
139.563054139
134.98055718
No improvement for past 150 iterations. Search stop.

Press 'q' to quit

final cost: 129.477201964
