seed 8147
N 1000
K 7
Temperature 250
Decay Factor 0.999
Initial K-medians guess:

[[array([ 763.02252036]), array([ 358.61496708])], [array([ 548.46942741]), array([ 892.84170569])], [array([ 493.33384898]), array([ 472.28086141])], [array([ 766.44578967]), array([ 97.71241093])], [array([ 587.47981297]), array([ 536.00798819])], [array([ 632.11516997]), array([ 583.82852649])], [array([ 652.14400537]), array([ 749.73894322])]]
Initial assignment cost (average distance from a point to the closest candidate median):

147.868392594
136.234827464
164.300920146
134.807469195
134.133347843
140.82661315
139.382614884
141.040427124
141.095040684
142.788208408
144.172751976
144.057375144
143.593627471
143.443559977
143.887467449
159.715516363
157.67173871
165.242337098
163.392967922
164.497298862
168.813188812
183.518918983
168.693536127
169.850513436
164.276612667
168.045729164
165.257244376
167.127714065
171.427454321
180.899162747
184.881629826
184.947104981
184.016579925
170.16817547
169.684280998
163.322022175
141.378634373
156.738477509
158.724471583
186.089472897
157.538411094
170.124694825
170.687348646
170.528754781
169.943411634
159.598826929
153.730274536
148.173625127
147.747107763
147.822373163
147.479116008
139.642846717
141.749677814
144.966471533
149.164339941
150.202406101
142.623894815
142.84892396
143.773005294
137.986917317
140.179755402
140.124604524
147.807180428
152.198505879
142.52929119
135.618728095
146.26035224
154.722317002
139.66598871
142.549227227
141.61679111
148.440914037
139.711253656
137.232468171
140.299264837
136.596752422
140.07642256
137.601365332
139.837634056
140.587758771
139.153722423
131.941461207
139.073073846
136.552760121
138.694591754
145.103346283
149.625109472
140.366967111
138.820972462
140.554934117
139.370985826
142.646174038
145.36196025
148.273566434
142.103197692
146.053874168
141.250728497
144.606428754
151.956293742
145.128974854
151.562442158
150.941437018
143.003613418
146.847234501
145.050085023
149.831844563
162.10170667
145.929649653
139.888819459
138.805840497
138.360541532
138.23953552
137.143042471
137.207944449
139.731033151
140.800067967
137.559514753
137.585891162
127.109635641
137.173650287
134.637543203
138.471091543
138.648272774
138.484723841
137.598305591
137.161034654
135.635585479
135.958383558
144.306653345
142.158769527
145.711233224
142.771512729
139.61640036
135.629256766
139.027003527
139.279639746
155.371442253
143.663551042
152.059127741
141.283434195
141.142272015
146.757951171
141.897265601
162.934786931
170.637804307
165.945166051
158.294632204
147.886648997
147.784791669
142.383691385
140.432997969
149.974124489
151.717622508
153.614180812
153.399457464
135.766796277
138.807585469
137.07952752
131.627145756
146.665631805
149.453188348
167.535154964
166.6918269
158.33095582
180.962531249
185.344382736
195.460801015
180.70553392
178.797220073
176.741854494
176.661073573
187.189581382
174.953368666
179.494385033
174.582083088
174.63372912
182.445114905
184.502696683
183.84615032
164.067379562
168.977617138
146.732966964
148.375450199
152.981062657
163.341918626
161.804692082
161.172162285
138.84935336
136.247769694
139.923272986
138.934130583
150.334651279
160.090964099
161.03161266
154.020340607
153.536362782
140.609770712
144.951496745
140.488974162
143.740900781
134.447475733
132.910240053
135.392682186
139.519935151
139.378717854
145.294650753
137.978244731
139.362090929
138.657542831
153.46950775
146.362610638
148.430496253
160.418371505
160.809692522
158.715283756
154.513932189
159.922013108
169.037398856
169.167405315
160.560982189
160.753162934
181.179135965
188.924021164
181.248057586
175.218819728
171.508246403
168.193348315
171.464209958
156.727046506
154.764031624
155.156064179
156.255585481
157.343185235
150.701028081
148.620205618
140.145288912
133.888366714
133.888366714
141.18790343
152.426782635
160.232784417
145.845295542
145.701560884
142.371112888
144.083322611
144.23214818
154.90546017
154.95359464
147.102508815
146.139956346
153.499488475
149.758553336
138.40958308
138.499854906
142.902098325
149.212747733
143.351279952
150.327919045
153.988334552
158.436210353
160.057582149
159.930736854
186.870099362
176.572858471
161.197012927
168.324148698
173.559317978
173.559317978
162.656651582
160.161494885
159.658752082
147.765032473
147.685878212
148.136746405
148.76504449
153.505317066
157.443594466
151.67795285
150.097610615
144.254013341
148.582954416
152.29113744
147.930164347
148.882492164
149.885995401
152.445721488
150.714000388
145.364746691
147.293980499
149.718768872
137.345072101
143.292237092
141.732568522
153.396690653
160.999418114
152.700371517
160.23624128
155.324475471
158.13265723
153.57365492
155.339300429
146.611736375
147.295468361
150.305112816
147.371708221
146.741988643
153.359650726
155.777402471
155.178124253
150.6968219
152.185418267
180.979904906
148.279100853
151.712670084
148.709718739
150.305539311
149.476820533
152.217796894
148.567546676
141.864336206
148.504863696
148.991351754
143.697509509
135.859565176
137.139291516
136.11072336
137.795547887
138.317690758
145.543608902
150.167594807
147.928973768
151.519413053
150.909702009
150.735360589
143.724963188
140.881529404
137.697350705
137.7072767
139.119720017
151.411423798
152.551981781
149.031751531
160.244289686
178.684882406
176.064565854
159.586009994
168.561101366
155.061269628
145.129747782
140.309325768
151.511518965
146.817853518
144.741438573
143.661396245
144.717081624
140.383867608
141.36796193
140.219159277
139.373151045
140.355662151
139.718540626
144.755225542
149.352703419
158.854085897
159.327703555
161.275238176
159.715526008
156.90559223
142.559334975
141.715783231
139.871195056
140.746849729
142.730920772
150.588734762
147.034239682
147.654791104
149.035080901
152.994599403
157.565106405
153.863486581
161.116172037
161.231065436
164.522862379
157.080372477
168.848171426
167.972982867
165.555489657
158.340213889
177.580196567
181.127584678
179.034544231
185.888733208
158.756327832
174.464122419
164.464989073
166.019692967
159.168119133
158.13446286
163.735991498
184.837575448
177.420421557
170.52536307
176.954169087
178.838564744
180.101013425
160.998018616
169.480067813
175.175265675
165.861141509
162.01607698
166.621702967
171.53806909
161.35831534
163.538305279
170.32312868
172.826677274
174.376066067
175.783713687
189.46141985
161.031481529
154.813003161
151.236563992
151.054374816
159.752518396
163.739319907
154.166642076
153.724105993
159.505543301
160.116948344
162.59241181
175.062134308
170.736239266
173.615081334
173.157757644
155.619994864
161.865474473
161.841174655
176.635965209
160.836409382
167.253978835
166.798879084
174.713256993
171.961526994
173.275120852
168.585203541
166.9786111
166.644025605
171.315945252
172.068510701
178.126083921
161.337410677
153.738253982
162.776070451
161.905680815
167.35871605
175.88662393
169.021814281
159.05378452
151.514806107
153.519909797
161.718329725
153.271549311
157.618931004
190.292584512
189.846158551
177.737407962
176.003403474
162.767842454
176.709538801
167.345295313
162.53145345
155.70423958
146.209714738
148.588787148
185.807238612
150.785624087
150.53347475
151.602600072
152.499989118
143.954359983
149.678184752
149.256657944
149.069859187
149.387622864
146.570610127
145.375380115
146.099018613
145.376285739
144.335634238
149.656690072
144.510717171
147.594021862
149.158476969
141.580575969
153.701724245
156.630332932
150.585908202
150.395453579
149.712367991
145.006314842
146.31224192
157.408020843
160.123682473
156.284184622
152.937389368
158.812189902
158.537451897
161.878953619
150.821047556
150.144000704
147.430293161
154.45459011
146.368291755
144.298218944
139.293166762
140.94113982
153.695114635
153.695114635
151.727402981
144.010784254
143.934475236
146.154475464
144.57207549
142.319926619
152.617546022
158.17689878
148.622071437
153.510833185
189.650715286
152.99221962
153.970456324
151.211886888
154.668583948
156.522305883
151.893260964
151.614191432
171.228511382
152.259084187
196.909796613
150.927876956
153.916165804
153.478948335
152.863943214
171.968696785
161.008405464
173.475565634
169.290353049
164.460072921
153.002399176
154.866312785
155.389026682
146.599238277
149.329688172
145.445948366
145.872709297
160.027449546
161.721645088
164.420508069
167.089604275
158.719426554
156.876501032
163.564819347
179.140845916
153.47829395
151.212535632
156.745937215
152.284844269
149.294047072
158.57411775
144.769538826
141.524846553
141.59441922
143.042651376
143.430415948
142.386120603
142.382865574
142.965393195
144.930845576
143.196952256
147.2768906
146.578749957
159.338943041
154.796532016
148.152882101
152.929451332
151.604150519
148.300694484
162.691007
166.404704666
166.186899491
166.963243303
147.77160172
147.13478582
145.632399614
145.696194496
143.854815068
139.774185251
139.961043349
140.952391951
145.026410076
147.260393551
158.210816416
155.025150515
144.055218467
143.403611397
146.32611498
149.649728679
145.587971664
145.543983989
148.526299907
149.500730812
156.366787605
151.997915108
152.315648691
152.179495508
170.667845113
152.383491955
151.653896827
151.328926284
148.384578171
153.2178391
139.887585037
151.943877026
154.722469731
156.343927145
157.231112628
153.06659582
149.762429865
148.185716741
148.112671329
166.369244813
149.218480355
160.931040118
153.739707176
151.483220943
150.411873405
149.359265705
150.364869917
160.00639408
167.737002223
160.570189331
149.420345554
138.004063264
139.427370758
137.17845194
143.34887219
136.719103996
139.883265163
141.761356455
148.241635251
140.465868939
143.74486496
140.575135949
139.903779623
144.497711164
145.16224418
144.369264765
143.421126968
143.268615402
143.146451288
140.79908465
150.23063221
151.466321186
155.601953079
170.236321864
168.425005715
172.198828499
171.295695399
172.025317355
179.253954162
165.368296953
158.411073026
161.416042812
150.341749789
148.964936761
147.830255133
149.115349623
155.382492763
154.082404525
156.247094148
156.247094148
154.173143694
142.989277423
146.854207727
156.961511988
151.784878864
157.691981575
148.729020083
146.149354353
143.14027948
145.753081015
146.5303395
141.657464808
146.784942904
141.211092664
144.092235263
138.576477192
146.407398207
152.526723206
151.626828805
162.986278445
154.871890299
154.427188412
148.0259907
148.297885639
157.272251362
160.712929254
160.807219642
157.687446856
166.501544866
169.556112172
170.304578458
165.369241806
169.077087437
164.362918777
164.281276256
168.838208357
159.758051671
166.206967902
151.798553051
156.001830027
186.715476826
141.462351726
138.408018756
139.556813125
142.946068654
141.425918739
144.106475503
148.134169015
157.554923445
153.612285745
150.761998056
161.86904285
147.171278878
147.85975244
152.075672184
151.309959969
159.122980293
153.424554371
161.099440554
157.342619355
155.89150853
149.975535945
150.586861684
150.533361254
148.526096891
150.925546259
145.106820838
144.483929244
148.519364276
153.127022352
155.109578818
175.479527172
156.306290953
159.217952983
158.681633017
152.533086973
155.470869468
166.146868124
158.000472345
153.144876921
153.784247277
157.425679371
152.377303924
142.000896203
138.65985077
138.546827851
139.808992061
140.452090289
137.114292897
133.353326635
137.108022314
139.196618722
140.063597078
154.019118893
149.368694098
149.560490006
145.281382951
148.381512361
153.51791331
150.335668891
149.139624317
158.943555698
148.162503164
159.504485729
149.681257097
145.212017081
147.775991894
137.411007768
147.413161049
160.763344513
145.895140972
146.011940175
152.729480961
142.917919336
134.429379004
130.141359471
135.893213167
135.629106042
137.57038331
138.022066385
142.458506527
158.845580464
142.661605015
153.960971149
154.170311035
157.683063879
157.980271122
173.127257204
164.957440873
181.944320568
157.099534874
158.891961799
152.622355417
164.559198687
149.661527048
148.159962759
148.480313627
153.100877442
148.232176398
147.532628988
155.005101767
141.709694691
149.672762137
141.860864616
141.976363015
145.194982984
136.738356577
136.483714867
137.35213231
137.432806515
138.429732091
141.257222142
153.375670443
138.601557109
139.366598918
138.225707027
163.768186427
142.217834799
155.984258247
164.412118373
154.186656127
150.808588906
153.016902919
138.277384082
144.669439603
152.040977963
153.477732221
146.063416874
142.926603742
142.451678477
138.404440756
142.26446258
137.668960448
139.150710066
138.305358676
165.376171119
136.631697438
142.911101537
140.425510944
145.530390394
142.035942279
140.928318007
144.158282366
140.462136713
138.591168687
139.327420242
141.480142177
140.237320072
143.050617035
148.163899846
142.406556588
142.116340448
140.180790273
146.18004412
138.373116818
134.059541033
134.668530891
136.00201438
134.950916334
136.849691432
135.615900459
137.352457363
135.918504776
149.267813705
151.138613084
156.499535228
148.442039551
148.770760945
142.214463895
139.379438293
136.404972347
134.669924268
143.573346086
138.597940645
144.361599688
139.73549058
144.910406775
152.403602278
143.962839045
141.608244805
138.699397648
140.724100714
139.204283164
153.19015413
136.747445446
132.400687732
145.058563161
129.556134108
135.450866255
141.180140063
145.508772059
143.686945936
141.129710311
150.561483499
152.742110484
148.903163867
149.181224716
153.786900003
144.94833071
145.754492386
143.632245026
139.863123002
140.116093487
137.80133241
143.899625927
144.161560208
141.991833454
140.421888127
141.720504143
152.410606074
137.680408449
138.277899549
139.295356814
168.71466855
140.758466875
141.857377716
157.159632805
141.738975868
154.138950202
141.489411289
141.991821061
139.579511472
141.935104197
134.938146842
134.534984398
132.810945693
143.242484097
133.19513412
132.41252573
131.524536015
133.663962922
139.398442464
140.463782731
142.900682665
144.505657468
144.505657468
154.311382964
146.721655196
151.606411356
147.368575817
158.94139003
144.170087885
147.117541622
154.363506203
145.432453556
143.616548873
145.926226194
159.564904288
141.682514273
151.636363433
150.757287098
149.972220213
145.923547031
146.043526421
144.128778284
150.518460049
158.90672036
145.210911151
149.897260926
141.910969959
149.889162056
142.305583039
138.37171203
135.392220207
136.476258925
132.648215298
138.790057847
143.784865234
136.680183208
137.601400872
139.248062985
153.654982118
138.973678993
142.100397077
139.365725745
147.421212375
141.45256072
143.280913673
151.256356263
146.498997667
149.273445669
145.851673521
149.64577579
141.342489085
144.768481087
146.304581873
143.582132192
142.640369061
158.332948581
162.315316014
155.180229912
153.110346793
138.409543423
151.057116379
144.715016667
150.87194213
150.068012789
136.803519991
133.346067948
138.255186322
140.33274983
140.155543385
137.654186213
145.515846812
137.260158446
140.495742129
140.563287356
135.554857595
138.407711182
130.336652924
133.285543446
133.091741331
136.871278063
140.120503067
144.944936313
143.674949632
138.793399143
134.741926427
134.741926427
131.598650204
130.65246073
130.622489404
134.468145022
147.131898144
134.330206814
134.842983345
138.367576097
142.659484424
136.622836212
136.516534878
138.488282833
139.149548825
143.178065941
146.345066733
147.218026231
158.537222682
142.010304428
142.70642687
143.436314368
152.387472961
156.824727538
132.95462909
137.447779311
144.337673693
131.71458653
132.480755257
135.397934823
140.680389248
137.174259554
142.974603525
133.565939353
135.937269682
135.506853153
139.877393329
143.903713162
136.419442842
147.722977318
156.804062111
137.882762954
138.149783256
141.351020192
143.435215453
149.027106878
144.200637877
143.642764414
143.252167882
149.330070376
140.99673718
141.157345634
146.607903532
138.673757333
137.787895394
136.648435139
135.408909854
135.089682634
142.703307643
147.30574677
134.735194417
141.129653097
139.508607766
136.094518228
136.841101814
139.202176576
146.585974116
140.896776956
138.817245891
143.371372371
134.283652925
141.516969149
139.50486155
134.899276802
143.499156092
134.630598838
136.117541179
135.415103985
148.153982351
138.13990738
137.923279547
127.700974607
130.361610553
127.924226409
132.025181028
133.965864596
139.454638268
134.551495083
133.532323672
138.312561883
136.148794516
136.914723358
143.613152508
137.769649208
137.371618132
131.171193184
137.57547103
137.85674386
141.533396369
135.706665446
133.531662973
127.816678558
128.512730771
130.700469574
138.055244375
138.727203536
127.459322253
132.494881973
126.792751238
136.813633148
130.141698017
127.758587861
127.480401836
126.263741833
126.995052373
126.044041739
126.026982104
126.94634082
130.531142729
129.712335995
125.724452474
127.241618148
127.265556983
134.841968804
127.274480333
137.750309892
136.948457619
127.883190636
135.160760589
129.403502218
133.299831669
130.78729321
130.890527426
132.575527385
141.04122868
136.179438927
139.740437105
131.325247291
142.067089142
144.328102453
136.688404904
129.263663686
139.231941007
128.802318904
134.415577839
132.381528259
134.584173897
129.711824134
130.099789454
172.173958337
128.988644844
134.015351094
128.931970185
133.629411402
134.136555954
132.888728297
133.067903304
130.084386257
129.226380884
129.902801396
129.751407597
129.613865861
136.579006701
132.031102337
129.667774199
133.836125302
142.859475948
137.4787877
139.763109999
139.983960073
135.024211598
136.582165156
141.357287712
136.41563686
134.542431319
145.273637738
143.666822601
141.508482784
137.822618993
139.440224158
131.87901153
132.602630724
135.648255559
134.006591653
153.682157845
137.82239481
136.663943792
139.927209035
134.643917677
137.570371715
126.882752986
128.395850886
131.05677671
131.362965995
132.180864048
137.297672294
141.100783045
143.113852612
138.114337478
132.361629303
134.325905213
140.240628917
151.370549289
140.905589566
129.37507935
134.500175335
132.669906469
129.815321876
131.316673147
133.449101079
130.540893034
132.060801389
136.877696963
136.916802646
131.428719117
135.203973189
137.278971639
144.413588577
136.500945616
137.498417932
138.899594899
136.878074429
136.573254239
147.79055471
132.543155663
137.955252756
139.358466262
137.971494905
145.986643639
133.640852361
135.391086493
139.500289315
141.37699935
140.888535093
134.703056735
135.154866455
139.539860809
135.150812696
138.558739328
135.052763849
148.324504321
147.890294364
134.838998086
133.159210437
134.830291772
137.889262255
138.90787422
134.541416101
132.963840671
134.047009276
130.374706512
132.449626424
132.403693296
148.043190568
131.471987431
133.728497847
136.170988588
134.542871103
133.67586423
138.564964516
143.208943922
136.881988571
128.955887951
127.705708802
133.833129768
133.030451026
131.360960891
137.777756606
131.263707808
132.047230644
137.043590426
129.481410452
131.574261589
145.109375818
132.816645227
140.286643205
130.669870724
132.039479887
129.096934668
131.816745991
128.465837767
129.437527447
129.452856226
146.003699711
137.849390978
128.066593794
128.198721718
133.558486986
132.85882271
132.269580212
130.550232306
138.275558832
132.816816762
133.563027053
135.481643528
133.162089653
134.610700592
135.946506331
138.819650307
129.572418412
134.886523016
133.73032553
130.65774418
141.768544498
130.453362461
131.611293336
130.148774196
136.429958923
131.46832062
133.376681401
133.479210299
134.255314463
137.403395341
142.348077492
134.856291452
139.541570398
133.804524897
132.5505179
132.21029983
133.688435712
130.229130566
133.503443666
132.40106193
141.556031546
137.132945509
135.077615206
135.082676825
132.578912559
133.037352707
134.381099403
168.247097482
142.957034913
142.157987982
133.204740577
138.379301454
139.098884228
134.036728386
131.524519106
139.086301375
139.051663332
136.27172453
133.306941418
130.783781585
132.180536989
131.890353053
140.004082697
143.345414339
133.901685786
134.814267509
135.150092928
132.54837227
137.358619883
145.985556208
132.969516867
141.8200678
138.61241373
146.566451671
140.064587266
134.246338758
135.036257304
145.758930163
128.553411203
127.396071074
133.614538368
140.993136534
128.309755137
129.938006864
135.121934709
127.161156421
127.518579668
125.820768145
131.418048644
131.557199301
130.30446405
130.461653168
131.114539428
133.032238551
124.820594875
127.41457483
139.216227243
128.841515476
125.961408887
128.702933987
130.955293751
138.512740207
127.075429339
131.379009698
128.618396202
132.456256027
136.739335217
130.359659144
132.156487929
125.427395722
131.471456126
128.850491281
129.594999762
124.948955278
126.189671218
125.659941019
129.855055656
131.026576391
127.407632742
130.392286799
129.976567086
129.695585796
129.039940472
125.727226288
130.17162818
130.210605228
129.186373604
126.852070275
126.687966342
131.918994855
126.376477845
132.453625605
139.192127161
125.615368953
128.994590688
134.234232505
131.717402906
127.958457673
127.342753989
126.330425165
144.612070621
126.079711256
134.158541803
131.012386107
130.690847072
171.88282297
134.238482192
130.323332422
129.087231592
130.027737981
129.854692914
126.064634711
128.551156698
127.45564352
129.348622611
133.704268396
131.809319445
132.946099117
131.770971344
146.462229202
126.388314266
130.919893722
130.20202932
132.410458696
134.521345966
132.747769153
131.234729862
128.113781023
126.23431935
130.960714947
152.98941722
131.225493489
129.105051761
129.052744088
137.754487382
128.174366311
129.671384342
131.80533209
125.957773801
130.93253683
128.999039964
132.077991472
139.196988674
135.316343997
131.308574926
128.947672223
135.542583077
126.76604381
133.513781698
129.602163046
134.831146203
126.328706086
133.428193181
127.400207688
131.740791713
130.200001126
127.097526386
126.311365634
124.653357688
131.286966007
128.969289273
127.151116266
139.857478001
130.1760097
130.299266929
131.971620268
149.765768219
124.991386245
136.259971045
128.027225479
125.385546481
126.345139907
125.385546481
132.371813955
132.30300675
131.009642996
125.528316756
126.447118477
126.654146744
132.161035739
132.128797617
131.140765134
126.436986943
132.891837641
129.252300763
128.479501144
135.076037385
130.283273819
132.060282943
128.578016126
125.092658938
134.265560148
126.636009442
135.517043435
129.291692522
126.748945404
125.684870785
130.017224002
125.091058774
127.225521179
126.444206275
135.692128487
129.535344976
134.406971255
126.158554641
135.939052747
129.608439769
123.864995852
134.303191609
129.371599862
127.477247967
128.359524315
123.836383184
123.081670536
126.972988941
141.995609747
129.746531926
127.646838595
125.595139414
128.800726256
141.504874455
124.722967007
123.559698333
123.646334476
132.413196464
122.971228047
132.055220366
127.230588484
129.119429284
125.539454421
132.68713772
127.165986322
126.069914713
127.611412773
126.676763124
123.786766126
129.512828244
126.594244554
130.109351898
126.997694287
127.26640897
148.873221346
130.317442313
124.127611099
147.424077112
123.546824044
149.227713769
123.960253612
126.006858005
124.680401606
127.877480347
122.6617275
132.083220887
122.568379907
123.262791682
149.252250531
127.906594423
129.309661123
123.205474698
125.405692059
133.769289578
126.15400452
123.49255956
124.610539265
123.535600665
131.235376773
123.746124647
133.029224689
135.556329365
129.815202818
133.103372852
130.115932507
123.326322879
133.895487758
121.615591153
124.936595885
123.085441549
128.70764912
128.684418153
126.736674524
133.472554176
126.668426332
127.9790267
121.836178697
121.918568053
129.215504749
129.702440698
131.703736549
121.834962256
125.358556589
127.160446391
126.230605236
121.729391287
143.246869986
132.018949624
130.076413729
130.934701387
121.973915517
128.873527616
123.856448907
131.752781425
122.609575055
131.015561077
122.243845988
122.713714254
126.206511998
131.314480804
135.525532223
122.470516398
125.211204825
129.126967175
129.104260225
148.185436735
124.571695143
134.85707734
122.044145545
128.715953817
130.932277191
133.307874512
129.03299254
129.459510689
141.028159285
126.07924705
125.482253069
138.845901958
123.739592114
125.56384125
129.753937055
124.245132324
137.932255963
129.480169729
125.129106079
125.953144954
124.200760812
123.185777429
122.016771023
130.912335505
123.525924742
135.732666374
120.966463174
127.609116031
123.99479763
125.620407276
123.877224169
124.012352461
120.903754754
124.114506601
121.125020649
128.641886542
125.05843413
122.632122554
122.268698943
128.314594489
127.432218437
129.122906658
122.564534662
145.268698899
127.190517173
131.176245836
122.683110419
124.423450459
123.464444358
136.750026256
127.377921174
125.032653431
123.146485211
124.234583554
134.763107697
143.949597814
126.119471792
122.528320552
148.120212626
122.152765062
152.591238236
122.38548552
126.946581553
121.198780914
135.767429443
135.197449231
123.076374396
123.250998646
124.717773101
123.400914342
125.516903156
122.089288501
131.951594829
121.619560629
125.602120058
124.163160239
121.060140361
135.433251065
126.53338083
124.148981524
122.428918902
130.460995215
123.464444358
132.857408999
125.546311764
126.217123791
129.300807703
161.972702416
123.884326872
134.566440488
122.722368693
130.229777121
126.381086155
123.396183403
130.073758589
125.924268893
121.531690593
125.378262602
122.244188872
124.222162523
127.870382217
123.533174167
127.392735736
No improvement for past 150 iterations. Search stop.

Press 'q' to quit

final cost: 121.060140361
No improvement for past 150 iterations. Search stop.

Press 'q' to quit

final cost: 121.060140361
