seed 6785
N 1000
K 7
Temperature 250
Decay Factor 0.999
Initial K-medians guess:

[[array([ 603.99255321]), array([ 672.09315109])], [array([ 655.50401688]), array([ 564.87014647])], [array([ 643.19360604]), array([ 596.11225907])], [array([ 778.38130091]), array([ 856.5566354])], [array([ 667.13571461]), array([ 463.98982712])], [array([ 689.38236103]), array([ 579.26815844])], [array([ 577.81500592]), array([ 711.60962945])]]
Initial assignment cost (average distance from a point to the closest candidate median):

239.783704022
226.094671843
225.911207155
222.393954543
219.185395162
220.755210845
220.767856343
220.444932884
222.901199878
220.007745942
220.320851304
226.450237666
219.973114174
212.662739552
208.094673163
242.512475355
232.152264622
239.103484129
240.718640986
241.974726593
242.069094687
265.08218474
269.61579975
268.491577191
262.113584459
260.580662254
264.526819739
290.956893757
238.986810967
243.166850982
216.804788952
237.112993006
229.916053287
215.932506334
219.313709475
216.257092388
220.439018259
215.370166407
211.114954397
189.386348217
192.186000692
191.421374235
189.225274872
200.066985983
196.109574826
186.614117674
195.24935651
189.990634555
191.371855623
162.0242878
152.172628958
142.600381778
151.067830048
155.340463074
156.351658237
163.434594648
151.943748271
151.520412798
159.354625649
157.359366678
155.790691959
152.117324132
156.918151919
160.993243681
156.051675907
161.661932306
160.650800398
174.735409505
170.512018885
160.346099285
156.259503666
168.047088005
160.839265853
158.067522243
157.98753821
158.951541401
156.95120437
160.705148353
162.795138938
160.155912756
159.398534904
151.522588153
155.308386556
155.801347294
156.287039311
159.895246141
165.259802891
162.292287397
161.628155942
162.873726281
164.273846913
163.619618673
172.85349984
168.435438605
157.01680227
157.341350185
162.360301405
164.684223813
164.906283015
168.017145021
167.255617626
166.204226019
164.453872718
186.069082963
189.287367207
189.610610751
184.39100359
185.459205219
181.403262328
181.061924108
194.157670033
181.092121327
181.255374079
184.02120467
190.457147368
189.812794057
181.753815125
181.879492622
187.204195567
202.037878716
199.318979327
193.221771785
191.85176576
208.851902262
198.182928236
182.926238426
185.581726825
188.434439482
188.434439482
185.599144193
186.391220606
192.643454386
192.584672497
192.899016428
193.925192012
186.847048441
194.176813678
188.182574819
188.687984475
193.829381207
198.068642972
193.664445731
194.670265632
191.112019693
191.120748751
171.927418987
170.095567843
169.360217616
169.734365465
169.360666225
169.322848221
167.621573691
169.301968265
173.368442052
183.440271413
177.299944662
194.080944379
184.672896896
190.661451513
182.195703357
192.961714918
194.756802637
190.428160925
187.817316304
189.863766036
186.874514659
185.935391978
192.104891838
184.288159383
171.802334385
175.517656504
192.508973575
191.783777139
190.750629218
192.543210959
190.645932474
180.966651661
179.085016052
179.966512504
191.340417918
193.321634269
183.892843565
183.910190937
183.998136884
174.778142226
191.964138999
187.971218268
197.630805285
197.726063531
198.335374677
209.813360924
203.81084067
185.553221044
189.842147584
189.716541479
192.874561428
193.164983396
187.74317939
190.118812772
182.015907427
211.243338668
211.604536605
218.196337338
216.387169439
232.047126328
211.079728865
191.598658993
186.410386607
190.68931827
189.691899646
197.136268404
192.71019172
187.070947201
179.302113249
176.687077557
173.601761118
191.297783183
187.631206511
183.915279064
190.908277796
190.771532336
161.87622937
167.171350099
161.129910991
160.733666493
166.787440697
152.033889588
155.469918162
147.565907548
147.287347214
145.473275458
159.493163145
165.997135444
162.110193096
163.757162389
155.704212071
163.454692936
152.239754484
168.501030268
166.980932056
158.966738143
164.968794729
165.196021469
163.690613801
169.71888069
185.88559259
173.443182869
167.821874264
164.958063647
179.430405095
180.935616075
180.811447974
176.493835354
154.147465164
155.212321889
168.920561197
166.306817773
171.638315468
169.731415437
168.40842835
165.845558501
165.917163448
165.889428049
165.00888754
149.210423197
147.693455514
152.69008818
150.678830499
154.463321259
161.203379612
157.293539995
168.391589982
162.831803655
173.282729306
170.20341598
198.483540874
198.189729942
194.041696654
199.278071929
191.99151538
191.710890568
194.186898584
186.980856693
188.663076703
184.941348319
185.251961112
194.085608006
193.072220945
194.878880452
196.291800509
170.412899481
170.480918613
169.432743762
185.796164811
164.02354167
166.508633586
171.579598747
167.244660167
165.091636255
164.642175199
164.668804754
165.881989672
171.530798182
165.916331526
167.975720393
153.066689044
163.692929993
163.320073754
163.835308811
159.010729787
140.324520141
138.826806456
151.773349167
154.585056143
155.111462261
171.129553372
161.083204801
160.766152151
169.412730529
168.678861012
178.756854844
172.399789149
174.016866722
159.185910619
167.938086679
163.293883664
164.241296547
161.367658864
156.311319331
152.338410452
155.116536344
154.567095282
174.355656816
171.835136303
172.444890891
171.156120905
169.476343827
173.661347379
160.33708321
173.96037172
159.422899786
158.352874784
161.608957022
166.365954711
162.745372919
154.982233472
160.878059853
162.939275741
157.71669438
157.186673533
155.757497463
164.305473062
162.318715315
174.848892095
199.458462305
170.540209285
169.553349509
175.153207263
169.315203654
172.309133225
156.8524875
156.120800644
166.174056037
170.091142225
202.05139059
168.866840683
177.828880143
187.013403763
182.841240249
162.948264412
160.263793234
156.829015683
156.246295997
156.253875666
155.786961527
159.277772061
153.258468656
153.928968251
152.337510254
154.336758638
160.454220262
164.229945137
166.293975872
168.800769396
164.895696235
166.628805409
165.340430127
169.55768695
161.62152254
161.173703765
160.204828875
142.930606573
146.244161707
163.104864676
151.481443092
157.870638126
146.350955753
147.033522214
149.949683066
149.232671417
145.709147124
148.637164789
159.545730418
160.296002374
164.051549103
182.125216209
170.327038549
167.274661522
169.721094523
168.230441144
170.412112762
163.178451061
159.334113463
154.538548249
144.498536389
153.554457471
158.745473375
160.816030225
161.469710744
154.060955434
173.113195432
185.853995809
176.77916606
172.938977075
174.11686202
171.425148655
170.988048685
161.494910604
157.482533453
170.860809737
170.722305978
168.857656179
171.810294713
171.222220313
161.888465501
166.326523182
153.536793658
157.13831286
151.051801079
163.11045768
160.59268653
167.94312787
170.857952969
169.430780206
201.752616623
187.765733613
187.473812401
188.383367176
181.785772304
193.745568055
182.09934082
190.417984342
192.91208787
176.509670966
181.351663731
159.72391608
152.498334431
160.49015956
158.43805747
161.28282268
152.445615335
151.597295111
155.414061994
153.344800241
151.7095084
144.459607215
143.183854391
140.682579513
144.092910344
149.299103485
152.145636404
153.111874108
151.327240798
168.967510284
153.74276572
150.89659433
150.860300776
163.167275038
156.374262057
162.300941591
163.598471053
160.143583661
167.522078035
175.489171332
177.454991059
169.378461305
161.765492165
181.950889591
187.271155997
160.170861198
175.428574596
158.919706235
162.359158697
159.079445267
160.266879819
153.963870968
167.274582954
155.737449173
160.437563124
179.594657194
160.41146231
162.909405943
160.675913215
175.734257789
173.213163875
180.999286779
173.085463376
174.684610947
161.718817425
166.4267503
157.91628208
157.851231645
153.491869554
160.913811572
162.827020888
165.869628403
161.508004806
160.869961921
167.133676666
179.068374553
160.144092139
163.369822179
160.865245389
164.975236017
191.259011169
169.108262726
174.840100439
173.292320614
180.464921059
186.365068078
196.937000039
194.13490689
193.719001169
186.757764617
186.214240412
186.221260517
181.464301642
184.012624715
192.062809813
186.66798738
185.057892469
188.899046682
193.169527465
183.95699005
190.67689871
195.099113516
176.580789245
184.420273515
187.734370057
202.281019362
159.414867661
163.300574697
162.189370127
163.499453721
155.283524908
150.574865029
151.094316767
153.839962175
155.747120402
150.534196725
149.470641705
149.590260598
148.924990174
151.645367495
166.563837765
146.333801764
152.273785575
166.208062688
172.898337534
174.282699219
172.926439161
164.967402928
161.133140127
149.479456984
150.295780158
149.784489306
157.276005992
155.805899975
154.054291603
152.673715021
185.766020256
149.134645808
146.76085313
155.21526541
154.989580231
161.504339484
161.491427781
172.302626652
182.721552903
175.481332416
176.2429165
172.510337987
172.334202531
171.740873697
157.302061095
146.133823199
154.591708171
167.164379811
154.547439837
151.692615981
151.855584799
150.425649618
151.201489839
149.718637697
152.349000299
149.638552185
152.226521957
181.41794031
177.567384031
191.810205417
191.518274562
189.800585366
192.536235042
191.466909629
189.125924331
187.187497253
187.602486453
187.326925466
183.490756798
184.759770451
184.887165627
187.978607047
189.564572466
193.409269754
190.384244318
185.808914299
180.222560444
153.269094561
154.218846763
149.96523821
153.1211386
151.475965894
153.80777329
163.470398775
161.66093101
145.633333623
155.822392586
156.672934926
154.550292514
157.991303094
153.701245708
149.870164109
151.429633038
150.800587911
149.089468597
148.926297032
148.297791839
142.357971167
144.031618046
144.031618046
148.30384639
155.202007099
150.530770648
165.223395274
150.755845681
157.178524206
156.549346227
161.648293054
161.000736172
153.156606541
165.121908178
146.928108122
149.11524481
147.624529952
149.610309876
149.754490094
158.238907537
165.132822687
163.995293774
163.232496702
161.191258246
174.188006614
174.864586321
156.145865437
140.193015672
141.827751786
142.184800128
140.844334256
142.232616677
140.408393531
133.164684713
137.089805591
147.249191045
142.478975484
153.494851919
143.934432863
139.303019184
145.098029419
143.920080136
143.207875037
143.579232314
144.339450378
147.219400052
164.223238369
160.947630909
147.74599338
144.950517579
152.083167578
156.995382131
164.530882619
153.426015347
154.555377727
152.350334002
143.801679244
152.372041905
149.947901092
153.743355383
151.324383731
152.237878976
148.939945383
164.90145277
169.986584213
147.957684565
160.789437092
144.314594958
146.167373586
143.616031689
145.655899286
147.386453115
145.655899286
147.817390978
148.898728468
142.265275625
145.38495263
141.540584389
147.389551081
144.093641603
142.929149803
143.67424674
143.16789647
141.337900616
141.424654883
140.360360133
137.454533834
136.609096795
143.128103243
143.017322438
165.058426322
147.96963554
145.316294371
146.094414813
148.158098549
145.361225935
145.773255035
140.392497194
138.267152609
138.208137705
142.025445481
142.11916446
143.048673652
143.829676008
173.013888224
142.231169204
139.194533224
140.696599258
138.411380491
146.244117554
139.249178415
138.888536066
154.79659198
135.756920003
143.213226708
147.057926924
140.874658748
146.981193113
155.374992113
140.923675922
143.641633944
153.840184707
160.49663474
156.479123293
155.691450336
156.09658833
150.75517295
150.621627388
168.627669917
150.484937556
158.402501531
160.567377123
157.662307878
155.25412007
155.834203399
163.110123279
161.812312774
176.411147112
149.9345806
139.673765606
143.840438482
146.307482536
154.572329763
159.995574216
179.789501999
152.403934924
156.909506262
153.524778954
154.483713151
152.673720684
144.545151794
143.652720937
144.762123287
148.559014547
147.709029395
147.417569802
143.800662053
146.269708838
148.042733102
154.523765598
147.455666947
149.264103699
156.145570775
150.951018618
135.352878836
136.630007127
139.29546519
147.052114815
139.908413143
150.85719553
138.91899871
142.575495751
139.863394261
140.974339484
148.000361821
140.796477433
139.12836348
139.022789068
141.633718109
147.11504549
151.618055366
162.489217239
141.058117903
144.461322474
143.054693537
143.097768015
156.618263381
149.908126662
151.09223538
143.702124823
147.549733849
149.166651472
145.043211179
141.948470712
146.294377297
143.719132996
153.719371828
140.981722508
143.422057665
149.531966542
143.764161737
143.029910898
154.76532374
143.707195229
147.354854266
149.363108253
150.225847694
147.403431707
169.913310795
162.828783418
158.709643387
151.013342125
142.91573426
142.892780151
141.717310095
159.221332408
146.8612434
141.980061543
143.139831889
146.717975856
146.287560726
150.031175919
143.852827153
147.821430338
149.815930358
144.595693696
145.268627268
149.000741752
153.951915633
153.37711854
159.265325406
154.966647735
155.346157711
144.565938877
148.828173282
147.833254924
146.272113685
145.090125784
146.645395097
162.109828393
150.052697598
151.362836774
143.992345249
143.486425307
141.498271955
159.33906663
144.298458425
143.57188784
140.584318708
146.528718007
146.488071848
139.866895972
141.210658532
140.400932367
143.055224446
139.157535101
144.139695811
141.683061902
144.172213347
146.122508345
155.014612706
145.889594075
142.119893392
145.942657805
144.258466988
140.122467238
150.997419322
144.052113192
147.575759279
148.673369109
151.361869139
161.395346378
155.021082927
158.702618162
151.562582301
165.132036674
154.33951816
156.116755146
153.052967711
143.34287658
151.672031082
149.780826923
148.962459641
152.216452902
149.212774371
150.905402177
150.625188123
145.027316842
145.204012626
155.874026899
145.265266871
139.949708164
156.865106315
140.252023346
139.834951108
147.913378436
150.545064712
141.760500746
147.219003785
159.054548899
149.297234222
155.083955217
148.069940106
150.644231315
146.323191142
146.529529395
146.965820134
143.948049711
137.278104814
140.878269644
135.388912219
138.743061583
138.626954949
146.330334526
140.684932315
139.655840023
143.58899995
150.825982518
145.585629281
151.807960633
146.943885919
145.439450072
154.370099096
143.59927309
141.460917167
143.350232526
152.59239878
137.86445476
138.520509761
139.779305165
135.903552116
139.413113232
142.178517428
139.237085902
145.456269673
140.404985535
147.441145177
140.027735791
140.446013487
139.374521777
150.794077009
141.850489096
149.171279444
149.623254819
150.892272458
137.302675791
148.168666448
140.740699438
140.537895741
149.657311206
161.198283684
149.187727095
138.296602973
138.448722591
139.373865217
143.03662382
139.082485779
135.911047251
136.632976047
144.097027758
148.198755708
163.495166358
160.734948743
148.677911747
149.621855274
145.785877604
135.650852053
143.072448715
139.5304375
137.604557837
147.826285716
142.045034214
136.72516074
138.829768437
139.302554509
141.615183715
136.868929014
141.47322037
139.227140704
143.051255087
144.566781587
148.683653591
149.970933037
149.449951856
137.466801312
142.230859608
144.611139197
161.611397236
162.24752003
142.083671838
142.763974323
141.599796512
158.673883595
156.695364812
140.56828667
142.849195352
144.007986301
145.741483594
151.860181437
153.195216689
155.576196382
146.3122886
154.131567213
149.140671968
156.934945563
143.839863499
144.179349657
143.486034183
146.681597643
144.53308016
138.35834685
136.529050404
138.717934184
143.93550632
136.811918683
138.061687872
137.424392312
147.615455884
144.383586955
138.801066723
143.13321587
138.240436291
145.198125585
142.778227911
143.99316625
145.008616167
151.626940834
140.961052419
142.364701666
136.938137689
138.399891981
142.601362195
136.540047379
134.867119969
138.086865931
138.65730096
137.189420976
148.420862529
139.134842249
150.81277164
144.581151521
135.837184899
139.491400407
135.150692282
143.480130295
137.288501716
132.582137128
131.416673851
131.183782726
133.144846267
140.052339683
137.328731315
138.107230251
140.092280531
135.457435135
130.219490757
128.172262855
129.396341475
140.06929561
131.032308292
136.120326068
138.685210801
130.036158765
157.092323298
144.310631795
130.552943165
141.621475614
138.43885149
134.284847316
136.244158214
137.135410856
133.029943355
141.288514536
136.140021065
134.132710407
135.518949809
142.097512781
139.231591398
139.056394795
134.39361946
135.007673674
141.308933051
138.952125291
141.344868899
158.362465128
131.675660421
141.61547872
137.194069582
140.752209741
143.585537698
134.80876996
135.428979467
140.100329521
157.279229106
137.315288603
134.745545942
137.733856868
145.140174433
136.241998539
153.237082672
135.778605349
135.394011458
139.450531724
147.907979017
140.357029354
146.482699584
147.696814783
141.805105182
137.088370109
145.638483362
149.199321181
138.484742768
135.88123572
146.730356065
132.076014193
140.281415884
149.021489504
131.1457591
135.051606631
132.11740854
142.937456043
130.776112575
145.741796884
130.977576303
132.300819071
139.065411353
134.101957549
132.772531366
137.707605646
137.438319509
133.81726256
133.229188535
131.399590124
134.295659339
140.072764301
138.228105259
134.104769649
138.176067181
142.584097475
133.296465158
135.983668608
133.314482167
137.187600525
136.510036253
135.672158072
133.784094774
135.242134242
135.914285238
134.858250258
136.338337208
135.845102067
142.013780956
135.632209756
140.325581978
141.159278423
147.321594962
138.883245113
135.396485589
131.641603745
136.07015145
134.968961972
139.068067086
135.926876807
132.260274691
133.115172282
141.36100374
131.932586125
132.139009579
132.104945672
133.185955559
132.619514643
147.170876797
148.543080836
132.226846876
132.353469005
137.534196941
134.311316821
140.665003466
148.810840693
138.770923695
138.274385469
138.770840042
141.92960475
146.719717506
150.497868769
138.005650384
137.00453278
142.567260953
134.056473747
149.486647787
139.740219468
133.771527487
145.166087786
137.12070102
134.313916208
138.612958806
132.565260562
135.540129969
139.165136843
130.732091279
131.67765626
132.994096438
136.892615092
160.571748041
137.077024778
140.234757882
137.459509688
134.521876813
132.24667956
135.060322657
139.637428993
131.445939568
129.684303493
130.88922661
134.984818475
137.179995243
138.931320775
135.016022853
133.842867917
132.131663513
131.050967115
136.799793892
136.345032835
132.600469084
145.129043345
131.250778817
132.673039403
134.490006337
136.916113586
132.058858728
133.056235698
140.099073593
157.357347295
131.186386357
133.419061076
132.137262008
136.592183745
133.736505326
130.86162733
130.86162733
132.035544966
136.07843793
131.876707102
148.484814607
149.8033642
140.486548986
135.003026595
130.547343047
131.255360367
140.262444348
139.777313332
130.074418923
133.413103997
141.713883701
136.92923796
132.292346358
134.348042632
129.760276937
146.004330955
134.108852907
128.92767093
132.376612653
132.235803889
131.727406512
134.872812236
131.795231547
140.443071766
128.867463516
141.355988333
129.429597568
130.634936267
132.439015371
133.453370684
129.991595729
129.789640799
139.556984055
130.057651699
135.677076199
143.452685316
140.816117638
132.210677501
130.959126104
133.881438985
134.597911291
137.791712572
140.468029702
142.671049102
139.203022882
145.071012223
135.629993222
136.074744661
131.409762066
132.853997469
133.833514646
146.343218062
138.286211483
131.402365548
137.914905121
132.583036421
131.376661552
142.709709094
138.054055361
138.451836863
138.04025925
131.672628869
158.338903381
143.709684704
133.585359486
139.46803931
135.061517307
137.205941147
133.028371757
134.761840719
131.758618826
134.422840056
135.556713153
135.415545286
136.181673956
132.104171522
137.098531344
131.346976737
152.720136424
133.704941287
131.714295241
139.286027597
131.743569954
133.72129836
130.566806633
144.055709708
145.9476428
129.35847443
138.137410506
134.558230135
134.846795764
126.802381969
125.890472251
127.801855171
127.820941224
132.505639541
129.385835794
136.009477027
143.936305236
127.28517928
129.825287341
128.406187323
125.95727113
134.815498164
129.374523628
128.332981495
134.823760572
130.271235907
126.35389393
127.565097258
138.920697896
131.742184265
128.335473011
129.043384891
136.049891102
133.077811075
128.57208127
134.795423047
132.546976933
130.516592397
131.540521695
136.017464618
131.563154779
130.778379093
129.349868013
130.944580176
137.326048799
137.796772397
129.447815638
132.822038637
130.374708623
142.436987683
130.374708623
137.436854992
136.56661324
145.181981217
138.176634263
134.80699936
133.676568957
129.638423432
136.906173599
130.998378598
146.390628455
134.774131873
141.456184167
133.440262226
132.908714249
130.461605784
134.372056174
131.129926803
133.971235473
131.050133358
143.565533523
130.930543428
139.909336365
137.124689439
143.565533523
134.51198295
134.636256866
134.649534062
134.522601342
146.646994352
139.349206841
133.125583881
141.89666794
131.977177859
133.928096281
130.218500274
129.355529794
132.932420961
138.452431006
129.341188456
135.127069736
144.001392386
128.868355116
130.557645971
132.900367732
131.012165265
128.92035118
139.937824515
134.236782029
136.16589748
131.298973111
130.046899009
131.93926243
133.790958775
129.743328124
142.995460764
143.650283446
145.370709048
133.807168001
147.585835689
128.979661186
133.72920635
129.665746257
128.483216764
139.051687607
135.047599341
136.896584157
146.883319898
134.480538078
129.246883702
138.774955331
131.654493174
133.802388335
131.193797125
135.79469934
130.453324857
139.895735205
130.8200177
132.418803003
139.600986866
140.595866154
129.95508553
132.396979765
142.722214238
134.687055346
131.394347098
135.56956206
131.249877782
132.580715924
138.103689953
135.581060042
130.536079876
141.009487478
132.792357948
138.858788826
129.89042916
134.341719976
140.597137176
133.273567351
129.467426866
137.895647197
128.448416932
127.409289325
138.61538747
129.321494884
133.646998875
131.241028951
137.955253123
129.835650183
137.825295114
129.839138189
136.43633254
132.034533364
133.223641448
130.502314565
127.262313171
132.374062825
128.758130693
134.816794824
135.769434609
135.911609953
128.19097603
131.765214015
131.708804403
139.75423696
132.687941842
130.931761807
133.900134652
131.483328819
136.630959723
136.824846695
133.517925247
129.323923573
133.235730346
128.417321385
128.574360812
131.784390456
133.91418582
130.012097532
129.624338872
140.480252848
135.092249664
133.788724914
134.977156733
134.373508399
128.153382996
136.58254447
132.476889002
130.53555935
127.838248855
132.547573844
132.320613929
135.626174374
130.055172047
131.724782434
128.446566058
129.941378914
127.841378714
133.604861684
135.430118713
135.915035363
135.849816122
134.105527767
129.905364509
144.441335657
134.674053598
130.790183613
136.442811139
131.311182026
128.01171002
130.839369373
132.537631466
145.517636927
139.210359025
127.094880809
133.263920471
128.773909
131.292043181
127.780669013
127.796311345
142.363635687
132.638446745
134.284087479
127.717775103
129.45464842
136.619815607
135.886103568
128.469717639
129.55955932
131.423266658
127.473650954
128.473149175
129.199149489
134.24181354
135.333412731
134.24181354
138.085980762
129.943011943
133.720796914
131.583094277
131.076550177
136.68374446
127.420673349
127.265829095
128.040361003
146.83726927
144.51021945
134.690469074
130.911546437
135.904922646
127.639385359
128.392300862
131.787478272
136.204588561
133.912318234
128.959812861
133.245688631
127.265829095
136.234059603
131.13551057
128.694722236
130.120846132
134.891374523
128.952354493
132.596088661
127.892331086
130.375116591
128.905135689
136.398256203
128.571707484
132.310622741
134.056587089
139.448025949
138.21926971
137.951195871
127.53176989
132.61023396
127.293974892
135.062579006
131.619436084
132.886718287
136.18840493
130.110547573
127.80207379
125.907015496
128.808167079
138.676952434
127.58897985
140.104935519
153.148860124
126.581765856
135.467147492
135.734875164
141.441000478
129.97600172
128.875051431
131.495506236
132.356430801
130.980441612
132.363881976
138.813429601
133.45268124
131.84874495
132.633233485
127.80304025
130.326721295
133.534584649
127.122596569
129.524587041
133.008528515
132.783111873
129.582280744
128.569289928
133.958744125
131.239964265
133.410406293
125.907015496
No improvement for past 150 iterations. Search stop.

Press 'q' to quit

final cost: 125.907015496
